1619607333.209538, 0
1619607333.223131, 0
1619607333.237639, 2
1619607333.251712, 0
1619607333.266732, 3
1619607333.280690, 0
1619607333.294740, 6
1619607333.308729, 6
1619607333.322820, 9
1619607333.336870, 9
1619607333.352032, 10
1619607333.365843, 9
1619607333.379938, 9
1619607333.392870, 9
1619607333.405991, 5
1619607333.420008, 7
1619607333.433002, 5
1619607333.447045, 9
1619607333.460265, 9
1619607333.474088, 7
1619607333.488198, 7
1619607333.502189, 1
1619607333.516245, 5
1619607333.530281, 3
1619607333.543315, 3
1619607333.557325, 2
1619607333.571701, 3
1619607333.586426, 3
1619607333.601444, 2
1619607333.615677, 3
1619607333.630574, 4
1619607333.645671, 4
1619607333.659633, 4
1619607333.674701, 5
1619607333.688740, 5
1619607333.702816, 5
1619607333.716782, 5
1619607333.730770, 4
1619607333.743892, 5
1619607333.757907, 6
1619607333.772008, 6
1619607333.785904, 7
1619607333.798885, 7
1619607333.813950, 7
1619607333.829525, 9
1619607333.843033, 9
1619607333.857011, 8
1619607333.870039, 7
1619607333.884308, 9
1619607333.899361, 8
1619607333.914105, 8
1619607333.928205, 9
1619607333.942244, 8
1619607333.956364, 9
1619607333.970483, 9
1619607333.984355, 9
1619607333.998487, 9
1619607334.011689, 10
1619607334.025632, 10
1619607334.039886, 9
1619607334.054788, 10
1619607334.068872, 9
1619607334.082794, 4
1619607334.096835, 3
1619607334.110873, 1
1619607334.124887, 2
1619607334.138253, 2
1619607334.152404, 1
1619607334.165645, 2
1619607334.179478, 1
1619607334.192302, 2
1619607334.206385, 2
1619607334.220223, 2
1619607334.233885, 1
1619607334.248012, 1
1619607334.261924, 2
1619607334.276348, 3
1619607334.289862, 2
1619607334.304322, 2
1619607334.318513, 4
1619607334.332108, 3
1619607334.345631, 2
1619607334.359208, 3
1619607334.373078, 3
1619607334.386594, 4
1619607334.400111, 3
1619607334.413678, 4
1619607334.428184, 4
1619607334.441559, 4
1619607334.454524, 6
1619607334.467400, 4
1619607334.480946, 5
1619607334.494736, 4
1619607334.508341, 5
1619607334.522561, 5
1619607334.535485, 6
1619607334.549674, 6
1619607334.563872, 6
1619607334.578032, 7
1619607334.591668, 8
1619607334.605210, 8
1619607334.619649, 7
1619607334.633084, 8
1619607334.646729, 8
1619607334.661052, 9
1619607334.675474, 7
1619607334.689038, 8
1619607334.703795, 9
1619607334.718041, 9
1619607334.731830, 10
1619607334.745390, 8
1619607334.758418, 7
1619607334.772723, 8
1619607334.787320, 8
1619607334.800821, 5
1619607334.815172, 2
1619607334.828611, 2
1619607334.842176, 3
1619607334.856488, 4
1619607334.870184, 3
1619607334.885072, 2
1619607334.898078, 3
1619607334.911464, 3
1619607334.929677, 3
1619607334.943958, 4
1619607334.957466, 4
1619607334.970418, 5
1619607334.983282, 6
1619607334.996614, 5
1619607335.009397, 6
1619607335.023812, 6
1619607335.038142, 7
1619607335.051768, 6
1619607335.067517, 6
1619607335.081805, 8
1619607335.094584, 7
1619607335.109110, 9
1619607335.122640, 8
1619607335.136218, 7
1619607335.150035, 8
1619607335.163643, 8
1619607335.177324, 8
1619607335.191571, 8
1619607335.205964, 8
1619607335.220290, 8
1619607335.234703, 9
1619607335.249105, 9
1619607335.263015, 9
1619607335.277063, 9
1619607335.290240, 10
1619607335.304380, 9
1619607335.317664, 9
1619607335.331842, 9
1619607335.345712, 9
1619607335.358892, 8
1619607335.372582, 8
1619607335.387031, 2
1619607335.400237, 3
1619607335.413911, 2
1619607335.426585, 2
1619607335.439441, 2
1619607335.452871, 2
1619607335.466787, 3
1619607335.480379, 4
1619607335.493612, 3
1619607335.507790, 4
1619607335.521568, 4
1619607335.534918, 4
1619607335.548094, 4
1619607335.560767, 5
1619607335.574649, 5
1619607335.587920, 6
1619607335.602643, 5
1619607335.617247, 6
1619607335.631673, 6
1619607335.646334, 6
1619607335.659876, 7
1619607335.673350, 6
1619607335.686571, 7
1619607335.700138, 7
1619607335.713332, 7
1619607335.727059, 7
1619607335.740472, 9
1619607335.754356, 9
1619607335.768947, 8
1619607335.783007, 10
1619607335.796908, 8
1619607335.810149, 9
1619607335.824649, 9
1619607335.838469, 10
1619607335.852363, 9
1619607335.865821, 9
1619607335.879630, 9
1619607335.893487, 9
1619607335.906501, 9
1619607335.920600, 5
1619607335.933864, 4
1619607335.947207, 1
1619607335.961289, 4
1619607335.976036, 4
1619607335.989897, 3
1619607336.004262, 3
1619607336.017511, 4
1619607336.030693, 4
1619607336.044569, 3
1619607336.058981, 3
1619607336.072761, 4
1619607336.086565, 4
1619607336.099813, 5
1619607336.113652, 6
1619607336.129279, 5
1619607336.143729, 5
1619607336.157521, 6
1619607336.171387, 6
1619607336.185754, 7
1619607336.200157, 7
1619607336.215158, 7
1619607336.228372, 8
1619607336.241634, 7
1619607336.255461, 7
1619607336.269309, 8
1619607336.283090, 8
1619607336.296937, 9
1619607336.310154, 8
1619607336.323099, 9
1619607336.337157, 8
1619607336.350813, 10
1619607336.364819, 10
1619607336.378631, 9
1619607336.392420, 9
1619607336.406294, 9
1619607336.420147, 10
1619607336.434520, 4
1619607336.448364, 4
1619607336.462751, 3
1619607336.476708, 4
1619607336.490046, 4
1619607336.505107, 4
1619607336.518525, 4
1619607336.532168, 3
1619607336.545902, 4
1619607336.559246, 3
1619607336.572967, 4
1619607336.587450, 5
1619607336.602395, 4
1619607336.616841, 5
1619607336.631852, 5
1619607336.645075, 5
1619607336.658333, 6
1619607336.672096, 5
1619607336.685387, 6
1619607336.699228, 6
1619607336.713149, 6
1619607336.727624, 7
1619607336.740796, 7
1619607336.753601, 7
1619607336.766919, 6
1619607336.780634, 8
1619607336.793869, 9
1619607336.806499, 8
1619607336.819588, 7
1619607336.833515, 9
1619607336.846853, 8
1619607336.860613, 9
1619607336.874544, 9
1619607336.888303, 9
1619607336.902750, 9
1619607336.916508, 9
1619607336.929704, 10
1619607336.942931, 10
1619607336.956809, 10
1619607336.970150, 10
1619607336.984408, 9
1619607336.997991, 10
1619607337.011426, 9
1619607337.024610, 3
1619607337.037838, 3
1619607337.051718, 2
1619607337.064897, 3
1619607337.079337, 5
1619607337.093141, 3
1619607337.106354, 4
1619607337.120142, 3
1619607337.133970, 4
1619607337.147186, 4
1619607337.160437, 6
1619607337.176053, 6
1619607337.189921, 5
1619607337.204987, 6
1619607337.220015, 6
1619607337.234069, 6
1619607337.247619, 7
1619607337.262103, 6
1619607337.275643, 8
1619607337.289693, 7
1619607337.303737, 7
1619607337.317183, 8
1619607337.330699, 8
1619607337.343868, 8
1619607337.357769, 8
1619607337.371799, 8
1619607337.384790, 9
1619607337.398340, 9
1619607337.411830, 8
1619607337.424909, 9
1619607337.439405, 10
1619607337.453442, 10
1619607337.467805, 9
1619607337.483485, 10
1619607337.497454, 9
1619607337.511541, 9
1619607337.525480, 9
1619607337.539485, 9
1619607337.553013, 9
1619607337.566063, 8
1619607337.579631, 2
1619607337.593603, 3
1619607337.607655, 2
1619607337.621118, 3
1619607337.634654, 2
1619607337.649166, 2
1619607337.663175, 3
1619607337.677738, 3
1619607337.691779, 3
1619607337.705733, 5
1619607337.719859, 3
1619607337.733776, 5
1619607337.747320, 4
1619607337.760624, 4
1619607337.775192, 6
1619607337.789479, 6
1619607337.803285, 5
1619607337.817269, 7
1619607337.830577, 6
1619607337.845057, 7
1619607337.858696, 7
1619607337.873150, 7
1619607337.887190, 7
1619607337.900189, 7
1619607337.913514, 8
1619607337.926798, 8
1619607337.941882, 9
1619607337.956428, 9
1619607337.970477, 9
1619607337.983642, 9
1619607337.997844, 8
1619607338.011375, 10
1619607338.024341, 9
1619607338.037516, 9
1619607338.050792, 8
1619607338.063340, 9
1619607338.076433, 9
1619607338.089071, 8
1619607338.102621, 3
1619607338.116144, 5
1619607338.129638, 2
1619607338.143194, 3
1619607338.156376, 3
1619607338.169110, 3
1619607338.182634, 4
1619607338.196307, 4
1619607338.209666, 5
1619607338.223313, 3
1619607338.236534, 4
1619607338.249803, 4
1619607338.262810, 4
1619607338.276339, 5
1619607338.289350, 5
1619607338.302535, 5
1619607338.316034, 5
1619607338.328827, 6
1619607338.341577, 7
1619607338.354633, 6
1619607338.367858, 6
1619607338.381267, 7
1619607338.394759, 7
1619607338.408317, 8
1619607338.422209, 8
1619607338.435665, 8
1619607338.449147, 7
1619607338.462719, 8
1619607338.475609, 9
1619607338.488545, 8
1619607338.501549, 8
1619607338.514295, 8
1619607338.527951, 9
1619607338.541074, 9
1619607338.554618, 9
1619607338.569435, 9
1619607338.582718, 10
1619607338.596762, 10
1619607338.609872, 9
1619607338.624321, 8
1619607338.638115, 10
1619607338.651780, 9
1619607338.665579, 7
1619607338.679791, 3
1619607338.694108, 2
1619607338.707791, 4
1619607338.722114, 4
1619607338.736189, 2
1619607338.750232, 3
1619607338.763698, 3
1619607338.778264, 3
1619607338.792262, 4
1619607338.805801, 5
1619607338.819320, 5
1619607338.833357, 4
1619607338.846791, 5
1619607338.860816, 4
1619607338.874411, 6
1619607338.888861, 6
1619607338.903528, 6
1619607338.916888, 7
1619607338.929929, 6
1619607338.943982, 7
1619607338.957960, 7
1619607338.970956, 7
1619607338.983997, 7
1619607338.997547, 8
1619607339.011071, 7
1619607339.025033, 7
1619607339.038039, 8
1619607339.052065, 8
1619607339.066651, 8
1619607339.081106, 8
1619607339.096380, 8
1619607339.109906, 9
1619607339.123304, 9
1619607339.137806, 10
1619607339.152407, 9
1619607339.167095, 9
1619607339.181092, 10
1619607339.194805, 10
1619607339.208849, 10
1619607339.223766, 9
1619607339.237315, 9
1619607339.251413, 10
1619607339.265299, 7
1619607339.278592, 2
1619607339.292131, 3
1619607339.305693, 3
1619607339.318682, 3
1619607339.332499, 4
1619607339.346528, 4
1619607339.360475, 4
1619607339.373715, 4
1619607339.387819, 4
1619607339.401810, 4
1619607339.416336, 5
1619607339.429346, 5
1619607339.442936, 5
1619607339.457891, 5
1619607339.470955, 5
1619607339.484554, 6
1619607339.498166, 6
1619607339.511760, 7
1619607339.525769, 7
1619607339.539059, 8
1619607339.552989, 8
1619607339.567109, 8
1619607339.581077, 8
1619607339.594055, 7
1619607339.607075, 7
1619607339.619934, 9
1619607339.633230, 8
1619607339.646771, 8
1619607339.660324, 9
1619607339.673877, 9
1619607339.687367, 8
1619607339.700890, 10
1619607339.714437, 9
1619607339.727981, 10
1619607339.742470, 9
1619607339.755888, 10
1619607339.768904, 9
1619607339.781809, 9
1619607339.795594, 10
1619607339.808520, 9
1619607339.821083, 7
1619607339.834532, 3
1619607339.848595, 2
1619607339.861564, 3
1619607339.875085, 3
1619607339.889260, 3
1619607339.902107, 3
1619607339.915133, 3
1619607339.929009, 3
1619607339.942068, 3
1619607339.955451, 3
1619607339.968372, 3
1619607339.981260, 4
1619607339.995572, 5
1619607340.009154, 6
1619607340.022589, 5
1619607340.036227, 6
1619607340.049486, 5
1619607340.063548, 6
1619607340.077034, 6
1619607340.090660, 7
1619607340.105060, 6
1619607340.119022, 6
1619607340.132325, 6
1619607340.146533, 8
1619607340.160689, 9
1619607340.174019, 7
1619607340.188454, 8
1619607340.202025, 8
1619607340.215486, 8
1619607340.229963, 8
1619607340.243509, 8
1619607340.257068, 9
1619607340.271127, 9
1619607340.284605, 10
1619607340.297987, 9
1619607340.310974, 9
1619607340.324018, 10
1619607340.337028, 9
1619607340.350018, 10
1619607340.362681, 10
1619607340.375700, 9
1619607340.389219, 9
1619607340.402406, 9
1619607340.415443, 6
1619607340.428973, 4
1619607340.442953, 2
1619607340.456508, 2
1619607340.470101, 2
1619607340.484344, 2
1619607340.498423, 3
1619607340.512313, 3
1619607340.525657, 3
1619607340.539203, 4
1619607340.553167, 4
1619607340.566712, 4
1619607340.579727, 4
1619607340.593693, 5
1619607340.607881, 4
1619607340.622031, 6
1619607340.636171, 5
1619607340.650724, 6
1619607340.665093, 6
1619607340.679003, 6
1619607340.692979, 6
1619607340.706031, 7
1619607340.719687, 6
1619607340.732565, 7
1619607340.745558, 7
1619607340.759077, 7
1619607340.773079, 8
1619607340.786756, 8
1619607340.800606, 8
1619607340.813630, 7
1619607340.826619, 7
1619607340.839580, 9
1619607340.852465, 9
1619607340.865800, 9
1619607340.878515, 9
1619607340.891620, 9
1619607340.906100, 9
1619607340.918689, 10
1619607340.933138, 8
1619607340.946162, 8
1619607340.960174, 8
1619607340.973192, 1
1619607340.986715, 3
1619607340.999794, 1
1619607341.012726, 2
1619607341.025783, 2
1619607341.039102, 3
1619607341.052747, 3
1619607341.066231, 2
1619607341.079340, 3
1619607341.093196, 4
1619607341.106719, 4
1619607341.120608, 4
1619607341.133579, 4
1619607341.146814, 5
1619607341.159918, 5
1619607341.173046, 6
1619607341.186370, 5
1619607341.198937, 6
1619607341.212309, 6
1619607341.226505, 5
1619607341.240183, 6
1619607341.254096, 7
1619607341.267932, 7
1619607341.281230, 6
1619607341.294774, 7
1619607341.308838, 7
1619607341.322984, 7
1619607341.336895, 8
1619607341.350005, 8
1619607341.362593, 9
1619607341.376572, 8
1619607341.390157, 8
1619607341.403409, 10
1619607341.416543, 10
1619607341.430640, 9
1619607341.443824, 10
1619607341.456669, 10
1619607341.470965, 9
1619607341.484985, 9
1619607341.498515, 8
1619607341.512512, 10
1619607341.526010, 9
1619607341.540276, 8
1619607341.553279, 5
1619607341.566844, 5
1619607341.580351, 2
1619607341.592944, 2
1619607341.606944, 3
1619607341.619953, 3
1619607341.633820, 3
1619607341.647531, 2
1619607341.660913, 4
1619607341.674286, 3
1619607341.687122, 4
1619607341.700633, 4
1619607341.713682, 4
1619607341.727718, 5
1619607341.740872, 5
1619607341.754776, 5
1619607341.768313, 5
1619607341.781238, 5
1619607341.794876, 7
1619607341.808198, 6
1619607341.821734, 6
1619607341.835190, 6
1619607341.848651, 7
1619607341.862454, 7
1619607341.875967, 7
1619607341.888983, 7
1619607341.901676, 7
1619607341.914205, 9
1619607341.927266, 8
1619607341.940711, 8
1619607341.954242, 8
1619607341.968743, 8
1619607341.982201, 9
1619607341.996440, 9
1619607342.009546, 10
1619607342.024071, 9
1619607342.037252, 9
1619607342.050351, 9
1619607342.063362, 9
1619607342.077876, 10
1619607342.091465, 9
1619607342.104719, 8
1619607342.118712, 8
1619607342.132735, 2
1619607342.146246, 2
1619607342.159710, 2
1619607342.172196, 3
1619607342.185598, 2
1619607342.198558, 2
1619607342.211042, 2
1619607342.225061, 2
1619607342.238105, 4
1619607342.251312, 4
1619607342.266018, 3
1619607342.280138, 4
1619607342.294596, 4
1619607342.308907, 5
1619607342.323001, 4
1619607342.337089, 6
1619607342.350645, 5
1619607342.364313, 6
1619607342.378213, 5
1619607342.391341, 7
1619607342.405155, 7
1619607342.419382, 5
1619607342.433963, 7
1619607342.448009, 8
1619607342.462631, 8
1619607342.476156, 7
1619607342.489607, 7
1619607342.502667, 8
1619607342.516980, 9
1619607342.531773, 7
1619607342.545162, 9
1619607342.559712, 8
1619607342.573127, 9
1619607342.586705, 9
1619607342.600723, 9
1619607342.614176, 10
1619607342.628606, 9
1619607342.641698, 9
1619607342.655616, 9
1619607342.669472, 8
1619607342.683530, 6
1619607342.698167, 3
1619607342.711719, 1
1619607342.725729, 3
1619607342.739428, 2
1619607342.753339, 3
1619607342.767107, 3
1619607342.780447, 3
1619607342.794269, 4
1619607342.808653, 2
1619607342.822195, 4
1619607342.835822, 3
1619607342.849349, 5
1619607342.863613, 4
1619607342.877872, 5
1619607342.892398, 4
1619607342.906903, 7
1619607342.920469, 6
1619607342.933975, 5
1619607342.948076, 5
1619607342.961603, 7
1619607342.975064, 6
1619607342.989507, 6
1619607343.003659, 8
1619607343.017348, 7
1619607343.032268, 7
1619607343.045736, 8
1619607343.059841, 9
1619607343.073761, 8
1619607343.087312, 8
1619607343.100808, 8
1619607343.115176, 8
1619607343.130351, 9
1619607343.143760, 9
1619607343.158172, 8
1619607343.171234, 9
1619607343.186223, 8
1619607343.199788, 9
1619607343.213319, 9
1619607343.226783, 9
1619607343.241278, 8
1619607343.254774, 7
1619607343.269403, 2
1619607343.283943, 2
1619607343.298938, 3
1619607343.312421, 3
1619607343.325497, 3
1619607343.339513, 2
1619607343.353464, 4
1619607343.366520, 2
1619607343.380533, 4
1619607343.394553, 3
1619607343.409072, 4
1619607343.422602, 4
1619607343.436158, 4
1619607343.449643, 4
1619607343.465125, 5
1619607343.478675, 5
1619607343.492150, 6
1619607343.505161, 7
1619607343.519538, 6
1619607343.533193, 6
1619607343.546197, 7
1619607343.559767, 6
1619607343.573225, 7
1619607343.587827, 7
1619607343.602131, 8
1619607343.617626, 7
1619607343.632999, 8
1619607343.648367, 8
1619607343.662872, 8
1619607343.678395, 9
1619607343.693476, 8
1619607343.706959, 10
1619607343.722452, 8
1619607343.735425, 9
1619607343.748943, 10
1619607343.762495, 10
1619607343.775546, 9
1619607343.789088, 10
1619607343.803086, 8
1619607343.817064, 10
1619607343.830545, 9
1619607343.844620, 7
1619607343.858602, 2
1619607343.871621, 3
1619607343.885100, 3
1619607343.898144, 2
1619607343.913192, 3
1619607343.927208, 4
1619607343.940677, 3
1619607343.953622, 3
1619607343.966201, 3
1619607343.978897, 4
1619607343.991738, 4
1619607344.004754, 4
1619607344.018353, 5
1619607344.031837, 4
1619607344.045306, 5
1619607344.059324, 5
1619607344.071826, 5
1619607344.084848, 5
1619607344.097886, 7
1619607344.110923, 6
1619607344.123423, 6
1619607344.136445, 6
1619607344.149439, 7
1619607344.163650, 8
1619607344.178148, 7
1619607344.191993, 7
1619607344.207012, 7
1619607344.221060, 8
1619607344.235675, 9
1619607344.249585, 7
1619607344.263726, 9
1619607344.277583, 8
1619607344.291159, 9
1619607344.305168, 9
1619607344.318660, 8
1619607344.331787, 9
1619607344.345188, 9
1619607344.359726, 10
1619607344.373739, 10
1619607344.387718, 9
1619607344.401715, 10
1619607344.415228, 9
1619607344.429245, 8
1619607344.442778, 8
1619607344.456268, 2
1619607344.469248, 3
1619607344.482811, 2
1619607344.495868, 2
1619607344.508851, 2
1619607344.522919, 3
1619607344.536388, 3
1619607344.549437, 4
1619607344.562526, 4
1619607344.576440, 4
1619607344.589976, 5
1619607344.604026, 4
1619607344.617896, 6
1619607344.630908, 5
1619607344.644391, 6
1619607344.658419, 5
1619607344.671968, 7
1619607344.685500, 6
1619607344.699034, 6
1619607344.712039, 7
1619607344.724898, 8
1619607344.738132, 7
1619607344.750803, 6
1619607344.764334, 8
1619607344.777330, 8
1619607344.791727, 8
1619607344.805494, 8
1619607344.819066, 9
1619607344.833548, 8
1619607344.847585, 8
1619607344.861058, 9
1619607344.874714, 9
1619607344.888744, 9
1619607344.902832, 9
1619607344.916398, 9
1619607344.930236, 10
1619607344.943935, 9
1619607344.957837, 9
1619607344.971372, 8
1619607344.985348, 7
1619607344.999490, 6
1619607345.012847, 2
1619607345.026887, 3
1619607345.041393, 3
1619607345.055428, 1
1619607345.068868, 3
1619607345.081913, 2
1619607345.095956, 2
1619607345.108955, 3
1619607345.122504, 4
1619607345.137005, 5
1619607345.150491, 3
1619607345.163629, 5
1619607345.176638, 4
1619607345.190404, 6
1619607345.203498, 5
1619607345.217024, 5
1619607345.229651, 6
1619607345.243107, 7
1619607345.257367, 6
1619607345.270768, 6
1619607345.285335, 6
1619607345.299001, 7
1619607345.312486, 6
1619607345.326022, 8
1619607345.339535, 7
1619607345.353068, 8
1619607345.366626, 9
1619607345.380116, 8
1619607345.393648, 7
1619607345.407804, 9
1619607345.421212, 9
1619607345.435794, 10
1619607345.449757, 9
1619607345.463269, 8
1619607345.476308, 10
1619607345.489797, 9
1619607345.502960, 9
1619607345.516412, 9
1619607345.528859, 8
1619607345.541969, 8
1619607345.555027, 5
1619607345.569023, 3
1619607345.583063, 2
1619607345.596508, 2
1619607345.610233, 3
1619607345.623740, 3
1619607345.638224, 2
1619607345.651299, 2
1619607345.664843, 3
1619607345.678377, 3
1619607345.691662, 4
1619607345.705346, 5
1619607345.718845, 4
1619607345.731734, 4
1619607345.745170, 4
1619607345.758221, 6
1619607345.772183, 5
1619607345.785789, 6
1619607345.799483, 5
1619607345.812494, 6
1619607345.826040, 6
1619607345.839316, 6
1619607345.853280, 6
1619607345.866856, 6
1619607345.880830, 8
1619607345.894811, 8
1619607345.909648, 7
1619607345.923132, 7
1619607345.937294, 9
1619607345.951944, 7
1619607345.965966, 9
1619607345.979978, 9
1619607345.994047, 9
1619607346.007335, 8
1619607346.022018, 9
1619607346.035991, 10
1619607346.048822, 9
1619607346.062426, 8
1619607346.077407, 8
1619607346.091139, 8
1619607346.105108, 1
1619607346.118281, 2
1619607346.131745, 3
1619607346.146269, 2
1619607346.160233, 3
1619607346.174781, 3
1619607346.189287, 3
1619607346.202613, 3
1619607346.216536, 3
1619607346.230081, 4
1619607346.243916, 3
1619607346.257862, 5
1619607346.271330, 5
1619607346.285341, 4
1619607346.299899, 7
1619607346.314148, 5
1619607346.327571, 5
1619607346.341296, 6
1619607346.354875, 6
1619607346.369344, 6
1619607346.383659, 6
1619607346.396797, 7
1619607346.410404, 6
1619607346.423777, 6
1619607346.437575, 9
1619607346.452086, 8
1619607346.465609, 8
1619607346.479136, 8
1619607346.493525, 7
1619607346.506622, 8
1619607346.520861, 9
1619607346.534822, 9
1619607346.548646, 10
1619607346.562281, 9
1619607346.577500, 10
1619607346.591508, 8
1619607346.605007, 8
1619607346.618713, 7
1619607346.631639, 6
1619607346.645575, 2
1619607346.658562, 2
1619607346.671670, 3
1619607346.684335, 3
1619607346.697888, 3
1619607346.710456, 3
1619607346.723572, 2
1619607346.738376, 3
1619607346.752337, 4
1619607346.765854, 3
1619607346.778916, 4
1619607346.792909, 3
1619607346.806916, 5
1619607346.820466, 5
1619607346.833977, 6
1619607346.847523, 6
1619607346.860963, 6
1619607346.874992, 6
1619607346.888039, 7
1619607346.900984, 6
1619607346.914608, 6
1619607346.928170, 7
1619607346.941640, 7
1619607346.954720, 7
1619607346.968699, 9
1619607346.981303, 8
1619607346.994517, 7
1619607347.007632, 8
1619607347.020840, 8
1619607347.033743, 8
1619607347.046844, 8
1619607347.061267, 8
1619607347.075320, 9
1619607347.088829, 10
1619607347.102291, 10
1619607347.115201, 9
1619607347.129212, 8
1619607347.143277, 7
1619607347.157735, 7
1619607347.171378, 1
1619607347.184783, 1
1619607347.197888, 3
1619607347.211573, 1
1619607347.226007, 3
1619607347.239888, 3
1619607347.253255, 2
1619607347.267361, 4
1619607347.280991, 3
1619607347.295434, 3
1619607347.308490, 5
1619607347.321247, 4
1619607347.334215, 4
1619607347.347429, 5
1619607347.360816, 4
1619607347.374920, 6
1619607347.388393, 5
1619607347.402456, 5
1619607347.416668, 6
1619607347.430576, 7
1619607347.445460, 6
1619607347.459671, 6
1619607347.474010, 7
1619607347.488006, 7
1619607347.501027, 7
1619607347.514473, 8
1619607347.528975, 7
1619607347.543024, 9
1619607347.556880, 8
1619607347.570424, 9
1619607347.584474, 9
1619607347.598814, 9
1619607347.612654, 9
1619607347.626230, 9
1619607347.640356, 8
1619607347.653403, 10
1619607347.667113, 10
1619607347.680865, 9
1619607347.694319, 9
1619607347.708302, 10
1619607347.722701, 9
1619607347.736732, 9
1619607347.750935, 10
1619607347.764468, 3
1619607347.778494, 3
1619607347.792523, 2
1619607347.806508, 3
1619607347.819424, 4
1619607347.832481, 3
1619607347.845774, 3
1619607347.859185, 3
1619607347.871748, 4
1619607347.885223, 4
1619607347.899269, 5
1619607347.913254, 5
1619607347.927326, 4
1619607347.941128, 5
1619607347.955649, 5
1619607347.970092, 6
1619607347.983116, 7
1619607347.996719, 6
1619607348.010196, 6
1619607348.024260, 7
1619607348.038118, 8
1619607348.051776, 7
1619607348.065625, 8
1619607348.079265, 7
1619607348.093776, 7
1619607348.107812, 8
1619607348.121790, 7
1619607348.136322, 9
1619607348.149880, 9
1619607348.164163, 8
1619607348.178161, 9
1619607348.191735, 9
1619607348.204660, 9
1619607348.218215, 9
1619607348.231536, 9
1619607348.245077, 10
1619607348.258587, 10
1619607348.272602, 8
1619607348.286652, 8
1619607348.300660, 8
1619607348.314118, 3
1619607348.327303, 3
1619607348.341322, 2
1619607348.354821, 2
1619607348.368837, 3
1619607348.382981, 2
1619607348.397474, 2
1619607348.411213, 4
1619607348.424716, 3
1619607348.439599, 3
1619607348.453387, 4
1619607348.467016, 4
1619607348.481132, 5
1619607348.494110, 5
1619607348.507815, 5
1619607348.521698, 5
1619607348.535216, 6
1619607348.548502, 6
1619607348.562038, 6
1619607348.575550, 7
1619607348.588599, 7
1619607348.601608, 7
1619607348.615788, 7
1619607348.629210, 6
1619607348.642683, 8
1619607348.656127, 7
1619607348.669172, 8
1619607348.682135, 8
1619607348.695151, 8
1619607348.708140, 8
1619607348.722217, 8
1619607348.736201, 7
1619607348.750383, 10
1619607348.763836, 9
1619607348.776711, 8
1619607348.790198, 10
1619607348.803285, 10
1619607348.816233, 10
1619607348.829253, 8
1619607348.843282, 9
1619607348.856751, 8
1619607348.870555, 9
1619607348.884074, 6
1619607348.896676, 2
1619607348.909776, 3
1619607348.923178, 3
1619607348.937058, 2
1619607348.950095, 3
1619607348.965376, 3
1619607348.979512, 3
1619607348.993138, 3
1619607349.007813, 3
1619607349.021651, 3
1619607349.035734, 4
1619607349.049628, 5
1619607349.063726, 5
1619607349.077636, 5
1619607349.091675, 5
1619607349.105150, 5
1619607349.118078, 6
1619607349.131520, 6
1619607349.144550, 6
1619607349.158557, 7
1619607349.172836, 6
1619607349.186071, 6
1619607349.199772, 7
1619607349.212794, 7
1619607349.226224, 7
1619607349.240061, 6
1619607349.253620, 6
1619607349.267057, 8
1619607349.281194, 8
1619607349.295128, 7
1619607349.309109, 8
1619607349.323149, 9
1619607349.337258, 8
1619607349.351626, 9
1619607349.366195, 7
1619607349.380360, 9
1619607349.395219, 9
1619607349.409202, 8
1619607349.424338, 8
1619607349.438233, 9
1619607349.452346, 8
1619607349.466298, 5
1619607349.480274, 4
1619607349.494320, 1
1619607349.508323, 2
1619607349.522430, 2
1619607349.537391, 3
1619607349.551579, 2
1619607349.565460, 3
1619607349.579776, 3
1619607349.594626, 2
1619607349.608515, 3
1619607349.622781, 3
1619607349.637555, 5
1619607349.651680, 5
1619607349.665569, 4
1619607349.678623, 5
1619607349.693598, 5
1619607349.708052, 6
1619607349.721701, 6
1619607349.734801, 5
1619607349.748809, 6
1619607349.762787, 6
1619607349.775874, 7
1619607349.788808, 6
1619607349.803036, 7
1619607349.816825, 6
1619607349.829821, 7
1619607349.843947, 8
1619607349.857855, 7
1619607349.871988, 8
1619607349.885877, 8
1619607349.900049, 8
1619607349.914927, 10
1619607349.928973, 8
1619607349.943049, 10
1619607349.957024, 10
1619607349.970988, 9
1619607349.985074, 10
1619607349.999015, 9
1619607350.012088, 9
1619607350.026092, 10
1619607350.040155, 9
1619607350.055094, 9
1619607350.069173, 8
1619607350.084226, 1
1619607350.099217, 3
1619607350.113212, 3
1619607350.127265, 2
1619607350.141215, 3
1619607350.155480, 2
1619607350.169331, 3
1619607350.183348, 3
1619607350.197323, 4
1619607350.212358, 4
1619607350.227721, 3
1619607350.241024, 3
1619607350.255258, 4
1619607350.270118, 5
1619607350.284310, 5
1619607350.298978, 6
1619607350.313416, 6
1619607350.327769, 7
1619607350.341487, 7
1619607350.354614, 7
1619607350.368217, 7
1619607350.381621, 7
1619607350.395500, 8
1619607350.409056, 7
1619607350.423081, 8
1619607350.437380, 7
1619607350.450854, 8
1619607350.464298, 8
1619607350.477415, 7
1619607350.491582, 8
1619607350.505035, 9
1619607350.519251, 9
1619607350.533788, 9
1619607350.547364, 9
1619607350.561660, 9
1619607350.575990, 10
1619607350.589622, 9
1619607350.603664, 9
1619607350.617389, 9
1619607350.631384, 9
1619607350.645344, 2
1619607350.658560, 2
1619607350.671895, 3
1619607350.685369, 2
1619607350.699688, 2
1619607350.713003, 2
1619607350.726916, 4
1619607350.741087, 3
1619607350.754496, 3
1619607350.768655, 4
1619607350.781800, 4
1619607350.795662, 4
1619607350.809071, 3
1619607350.822382, 5
1619607350.835874, 4
1619607350.849936, 6
1619607350.863897, 5
1619607350.877087, 6
1619607350.890562, 5
1619607350.904150, 6
1619607350.917685, 6
1619607350.931500, 6
1619607350.944904, 7
1619607350.959204, 7
1619607350.973322, 7
1619607350.986796, 7
1619607351.000265, 8
1619607351.013724, 8
1619607351.027236, 8
1619607351.041374, 7
1619607351.054402, 8
1619607351.067635, 8
1619607351.081628, 9
1619607351.095122, 9
1619607351.108674, 8
1619607351.122014, 9
1619607351.136183, 9
1619607351.149657, 9
1619607351.164014, 10
1619607351.177292, 10
1619607351.191597, 9
1619607351.205628, 10
1619607351.219156, 8
1619607351.234098, 7
1619607351.248216, 2
1619607351.261659, 2
1619607351.275903, 3
1619607351.290095, 2
1619607351.304307, 3
1619607351.318448, 3
1619607351.332724, 3
1619607351.346861, 5
1619607351.360284, 4
1619607351.375339, 4
1619607351.388653, 4
1619607351.402179, 4
1619607351.415552, 4
1619607351.428231, 5
1619607351.441669, 6
1619607351.455046, 6
1619607351.468607, 6
1619607351.482746, 6
1619607351.496995, 7
1619607351.511868, 7
1619607351.525342, 7
1619607351.538802, 6
1619607351.552947, 7
1619607351.566466, 8
1619607351.580596, 8
1619607351.594066, 8
1619607351.608295, 8
1619607351.622417, 8
1619607351.636178, 8
1619607351.650269, 8
1619607351.664448, 10
1619607351.677943, 10
1619607351.692102, 9
1619607351.705714, 9
1619607351.719840, 10
1619607351.734817, 10
1619607351.748987, 9
1619607351.763199, 10
1619607351.777436, 9
1619607351.790839, 5
1619607351.804993, 3
1619607351.819236, 2
1619607351.833346, 3
1619607351.846839, 4
1619607351.861268, 1
1619607351.874245, 3
1619607351.888433, 2
1619607351.902622, 4
1619607351.916062, 5
1619607351.929475, 4
1619607351.942967, 4
1619607351.956361, 5
1619607351.970554, 5
1619607351.983720, 5
1619607351.997137, 6
1619607352.010211, 5
1619607352.023603, 5
1619607352.037129, 5
1619607352.051305, 6
1619607352.064682, 6
1619607352.079046, 6
1619607352.093948, 7
1619607352.107436, 7
1619607352.120909, 7
1619607352.135431, 6
1619607352.148677, 7
1619607352.162134, 9
1619607352.175891, 8
1619607352.189283, 8
1619607352.203555, 9
1619607352.217774, 9
1619607352.231865, 9
1619607352.245796, 8
1619607352.260241, 8
1619607352.272980, 9
1619607352.286121, 10
1619607352.300260, 9
1619607352.313037, 9
1619607352.326547, 9
1619607352.340599, 10
1619607352.353468, 9
1619607352.367590, 9
1619607352.380981, 9
1619607352.395100, 4
1619607352.408549, 3
1619607352.421443, 2
1619607352.434282, 3
1619607352.447243, 2
1619607352.460652, 3
1619607352.474118, 3
1619607352.488192, 4
1619607352.501194, 4
1619607352.514325, 3
1619607352.527785, 3
1619607352.540634, 5
1619607352.554084, 5
1619607352.567638, 5
1619607352.581001, 4
1619607352.594498, 6
1619607352.607933, 6
1619607352.621143, 7
1619607352.634089, 5
1619607352.646932, 7
1619607352.660129, 6
1619607352.674128, 7
1619607352.688209, 7
1619607352.702351, 7
1619607352.715814, 7
1619607352.729272, 7
1619607352.742744, 8
1619607352.756186, 8
1619607352.769619, 9
1619607352.783198, 8
1619607352.796546, 8
1619607352.810014, 8
1619607352.822872, 10
1619607352.835775, 10
1619607352.848629, 9
1619607352.862087, 10
1619607352.875601, 9
1619607352.889013, 9
1619607352.902477, 9
1619607352.915942, 8
1619607352.929422, 8
1619607352.942874, 7
1619607352.956393, 3
1619607352.969859, 2
1619607352.983452, 3
1619607352.996744, 2
1619607353.010222, 3
1619607353.024224, 2
1619607353.037137, 3
1619607353.050131, 3
1619607353.063964, 3
1619607353.077658, 4
1619607353.091626, 3
1619607353.104976, 4
1619607353.118871, 4
1619607353.132614, 5
1619607353.145719, 4
1619607353.160064, 5
1619607353.175497, 5
1619607353.188975, 6
1619607353.202671, 5
1619607353.216841, 6
1619607353.231286, 6
1619607353.245584, 5
1619607353.259769, 6
1619607353.275115, 7
1619607353.289095, 7
1619607353.302483, 8
1619607353.317808, 8
1619607353.331955, 8
1619607353.344783, 7
1619607353.358891, 9
1619607353.372359, 8
1619607353.385838, 9
1619607353.399921, 9
1619607353.414063, 8
1619607353.428152, 9
1619607353.442007, 9
1619607353.457922, 9
1619607353.472013, 10
1619607353.485451, 10
1619607353.500131, 9
1619607353.513612, 10
1619607353.527795, 9
1619607353.541777, 9
1619607353.555331, 2
1619607353.569028, 2
1619607353.583182, 3
1619607353.597252, 2
1619607353.611323, 2
1619607353.625110, 2
1619607353.638594, 3
1619607353.652658, 4
1619607353.666196, 4
1619607353.679331, 4
1619607353.692379, 5
1619607353.705788, 4
1619607353.718096, 5
1619607353.731707, 5
1619607353.745932, 6
1619607353.759517, 5
1619607353.772455, 6
1619607353.785930, 6
1619607353.799539, 6
1619607353.812898, 7
1619607353.827056, 7
1619607353.840597, 6
1619607353.853424, 7
1619607353.866392, 7
1619607353.879837, 6
1619607353.893950, 8
1619607353.906861, 8
1619607353.920904, 7
1619607353.934992, 9
1619607353.949075, 8
1619607353.963089, 9
1619607353.977151, 8
1619607353.990616, 9
1619607354.004083, 9
1619607354.018180, 9
1619607354.031655, 10
1619607354.045740, 9
1619607354.059387, 9
1619607354.073323, 9
1619607354.086356, 10
1619607354.099842, 9
1619607354.114572, 9
1619607354.128706, 9
1619607354.143466, 5
1619607354.158081, 4
1619607354.171805, 1
1619607354.184848, 2
1619607354.198759, 3
1619607354.211821, 3
1619607354.225862, 2
1619607354.239434, 3
1619607354.253522, 3
1619607354.267840, 4
1619607354.282017, 4
1619607354.295448, 4
1619607354.309517, 5
1619607354.324426, 5
1619607354.337835, 5
1619607354.351736, 5
1619607354.366010, 6
1619607354.379568, 7
1619607354.393641, 5
1619607354.407176, 6
1619607354.421234, 7
1619607354.434159, 7
1619607354.447911, 7
1619607354.461370, 7
1619607354.475707, 7
1619607354.489001, 8
1619607354.501905, 8
1619607354.515662, 8
1619607354.529686, 9
1619607354.544325, 9
1619607354.558416, 8
1619607354.571562, 9
1619607354.585172, 9
1619607354.599263, 10
1619607354.612594, 9
1619607354.625407, 10
1619607354.639509, 9
1619607354.653112, 10
1619607354.666495, 8
1619607354.680862, 8
1619607354.694689, 8
1619607354.708697, 7
1619607354.721969, 3
1619607354.735418, 2
1619607354.750211, 2
1619607354.765284, 2
1619607354.779761, 2
1619607354.793680, 3
1619607354.807831, 2
1619607354.822006, 4
1619607354.836076, 3
1619607354.850206, 3
1619607354.863760, 5
1619607354.878006, 4
1619607354.891337, 4
1619607354.904764, 5
1619607354.918924, 6
1619607354.932981, 5
1619607354.947057, 6
1619607354.961211, 5
1619607354.975939, 7
1619607354.990200, 7
1619607355.004788, 6
1619607355.019611, 7
1619607355.033753, 6
1619607355.046658, 8
1619607355.060271, 8
1619607355.073390, 8
1619607355.086948, 8
1619607355.101529, 7
1619607355.115896, 9
1619607355.129944, 8
1619607355.143716, 8
1619607355.157396, 9
1619607355.170827, 8
1619607355.183688, 9
1619607355.196599, 9
1619607355.209592, 9
1619607355.224352, 10
1619607355.239075, 8
1619607355.253002, 8
1619607355.267203, 10
1619607355.281303, 9
1619607355.295462, 6
1619607355.308912, 2
1619607355.322794, 2
1619607355.336897, 3
1619607355.351053, 2
1619607355.364530, 2
1619607355.378652, 3
1619607355.392243, 3
1619607355.406247, 3
1619607355.420894, 4
1619607355.434414, 4
1619607355.448765, 5
1619607355.461634, 5
1619607355.474569, 4
1619607355.488744, 5
1619607355.502174, 4
1619607355.516872, 5
1619607355.531037, 7
1619607355.545101, 6
1619607355.558033, 6
1619607355.571268, 7
1619607355.584609, 7
1619607355.597991, 6
1619607355.610622, 7
1619607355.624048, 7
1619607355.638251, 8
1619607355.653069, 8
1619607355.667259, 8
1619607355.681407, 9
1619607355.695007, 8
1619607355.709103, 9
1619607355.722583, 9
1619607355.737225, 9
1619607355.751769, 9
1619607355.765558, 9
1619607355.779861, 9
1619607355.793713, 9
1619607355.807248, 9
1619607355.820997, 9
1619607355.835200, 9
1619607355.849260, 9
1619607355.863390, 5
1619607355.876495, 2
1619607355.889307, 1
1619607355.902407, 3
1619607355.916422, 4
1619607355.929898, 3
1619607355.943591, 3
1619607355.958628, 3
1619607355.972862, 5
1619607355.987176, 4
1619607356.001099, 4
1619607356.014733, 5
1619607356.029350, 6
1619607356.043591, 4
1619607356.057633, 6
1619607356.071176, 5
1619607356.084682, 6
1619607356.098124, 6
1619607356.112270, 6
1619607356.126373, 7
1619607356.139891, 7
1619607356.154086, 7
1619607356.168209, 7
1619607356.181749, 7
1619607356.195854, 8
1619607356.210494, 8
1619607356.224969, 7
1619607356.239156, 9
1619607356.252348, 9
1619607356.266181, 8
1619607356.279801, 8
1619607356.293229, 9
1619607356.307089, 9
1619607356.321140, 9
1619607356.335241, 9
1619607356.349347, 9
1619607356.363613, 9
1619607356.377562, 10
1619607356.391031, 9
1619607356.403999, 8
1619607356.417681, 9
1619607356.431675, 3
1619607356.445749, 2
1619607356.459829, 3
1619607356.472845, 4
1619607356.485626, 2
1619607356.499215, 2
1619607356.512965, 3
1619607356.526186, 3
1619607356.540321, 3
1619607356.553824, 3
1619607356.568164, 4
1619607356.582220, 6
1619607356.596460, 5
1619607356.609888, 4
1619607356.623527, 5
1619607356.637140, 5
1619607356.652257, 6
1619607356.665678, 5
1619607356.679372, 7
1619607356.693389, 5
1619607356.707712, 7
1619607356.721777, 6
1619607356.735741, 7
1619607356.749759, 7
1619607356.763900, 8
1619607356.777432, 8
1619607356.791909, 8
1619607356.805335, 8
1619607356.820051, 8
1619607356.834791, 8
1619607356.849003, 10
1619607356.861899, 9
1619607356.875437, 9
1619607356.889825, 9
1619607356.903745, 9
1619607356.917140, 10
1619607356.930686, 9
1619607356.943177, 9
1619607356.956681, 9
1619607356.969317, 10
1619607356.982969, 9
1619607356.996375, 8
1619607357.009849, 7
1619607357.024674, 3
1619607357.039101, 2
1619607357.053828, 2
1619607357.068461, 4
1619607357.083373, 3
1619607357.098187, 3
1619607357.111712, 4
1619607357.125807, 4
1619607357.139463, 4
1619607357.152647, 4
1619607357.166792, 4
1619607357.181433, 5
1619607357.194966, 5
1619607357.209037, 6
1619607357.222539, 5
1619607357.238021, 6
1619607357.251464, 5
1619607357.265169, 6
1619607357.278771, 6
1619607357.292924, 7
1619607357.307142, 7
1619607357.320379, 7
1619607357.334411, 8
1619607357.347886, 7
1619607357.361392, 8
1619607357.374840, 8
1619607357.388297, 8
1619607357.401756, 9
1619607357.414595, 8
1619607357.427465, 9
1619607357.440350, 9
1619607357.453408, 9
1619607357.468234, 9
1619607357.481011, 10
1619607357.494330, 10
1619607357.508573, 9
1619607357.522233, 9
1619607357.536389, 8
1619607357.550366, 8
1619607357.563725, 4
1619607357.577565, 2
1619607357.590967, 2
1619607357.605011, 2
1619607357.619297, 3
1619607357.633528, 3
1619607357.647862, 3
1619607357.661942, 3
1619607357.675742, 4
1619607357.689248, 4
1619607357.703360, 4
1619607357.717451, 4
1619607357.730962, 4
1619607357.745012, 6
1619607357.758529, 4
1619607357.772991, 5
1619607357.786428, 5
1619607357.799892, 6
1619607357.813669, 5
1619607357.827019, 5
1619607357.841081, 8
1619607357.854536, 6
1619607357.868697, 7
1619607357.882203, 7
1619607357.895839, 7
1619607357.909173, 8
1619607357.922139, 8
1619607357.935030, 7
1619607357.948236, 9
1619607357.961689, 7
1619607357.975543, 9
1619607357.989466, 8
1619607358.003610, 9
1619607358.017028, 9
1619607358.031151, 9
1619607358.046570, 8
1619607358.060110, 7
1619607358.073582, 6
1619607358.087119, 4
1619607358.101792, 1
1619607358.116031, 3
1619607358.129545, 3
1619607358.143031, 3
1619607358.157198, 3
1619607358.170877, 3
1619607358.184489, 3
1619607358.198103, 3
1619607358.211631, 3
1619607358.225597, 3
1619607358.238530, 4
1619607358.251971, 6
1619607358.264898, 5
1619607358.277817, 4
1619607358.290609, 6
1619607358.304336, 5
1619607358.317836, 6
1619607358.331381, 5
1619607358.345376, 6
1619607358.359528, 6
1619607358.372941, 6
1619607358.387107, 7
1619607358.401296, 6
1619607358.414830, 8
1619607358.428912, 8
1619607358.443920, 7
1619607358.458273, 8
1619607358.471864, 8
1619607358.484805, 8
1619607358.499398, 8
1619607358.512910, 8
1619607358.527060, 9
1619607358.540449, 9
1619607358.554536, 9
1619607358.567960, 9
1619607358.581605, 8
1619607358.595045, 8
1619607358.608028, 7
1619607358.621553, 1
1619607358.634672, 2
1619607358.647552, 1
1619607358.661775, 2
1619607358.675546, 3
1619607358.689058, 3
1619607358.703112, 3
1619607358.716649, 3
1619607358.729681, 2
1619607358.743238, 4
1619607358.757249, 3
1619607358.770837, 4
1619607358.784932, 4
1619607358.798472, 5
1619607358.812469, 5
1619607358.825626, 6
1619607358.839872, 6
1619607358.854574, 6
1619607358.868691, 5
1619607358.882737, 6
1619607358.896740, 6
1619607358.911231, 6
1619607358.924681, 6
1619607358.938152, 6
1619607358.951617, 8
1619607358.964541, 6
1619607358.978211, 7
1619607358.991100, 7
1619607359.004651, 9
1619607359.018751, 8
1619607359.032957, 8
1619607359.047091, 9
1619607359.060545, 9
1619607359.074806, 8
1619607359.089542, 10
1619607359.102560, 9
1619607359.116042, 9
1619607359.130046, 10
1619607359.143599, 7
1619607359.157685, 4
1619607359.170926, 3
1619607359.184592, 2
1619607359.198405, 2
1619607359.212443, 3
1619607359.225848, 3
1619607359.239892, 3
1619607359.254916, 3
1619607359.268252, 3
1619607359.281163, 3
1619607359.294260, 5
1619607359.307893, 4
1619607359.321620, 4
1619607359.334271, 5
1619607359.347581, 5
1619607359.361414, 6
1619607359.374366, 5
1619607359.388591, 7
1619607359.402580, 6
1619607359.416648, 6
1619607359.430626, 6
1619607359.444151, 6
1619607359.458230, 7
1619607359.471768, 7
1619607359.485925, 8
1619607359.500032, 9
1619607359.513768, 7
1619607359.527369, 8
1619607359.541474, 7
1619607359.554934, 8
1619607359.568394, 8
1619607359.581363, 7
1619607359.594338, 8
1619607359.607893, 9
1619607359.621029, 10
1619607359.635151, 10
1619607359.648087, 8
1619607359.661474, 9
1619607359.675105, 9
1619607359.689190, 8
1619607359.703924, 8
1619607359.716801, 2
1619607359.731062, 2
1619607359.744097, 3
1619607359.756610, 3
1619607359.770140, 4
1619607359.783532, 2
1619607359.798187, 3
1619607359.811440, 4
1619607359.825470, 3
1619607359.839115, 4
1619607359.853155, 4
1619607359.867580, 4
1619607359.881272, 4
1619607359.895638, 5
1619607359.908992, 5
1619607359.922614, 5
1619607359.937210, 5
1619607359.951493, 6
1619607359.964932, 6
1619607359.979064, 6
1619607359.993133, 6
1619607360.007216, 6
1619607360.020658, 7
1619607360.034133, 8
1619607360.048287, 8
1619607360.061719, 7
1619607360.076396, 7
1619607360.090467, 8
1619607360.104606, 9
1619607360.117997, 8
1619607360.132685, 8
1619607360.146741, 9
1619607360.160914, 10
1619607360.174759, 9
1619607360.188321, 8
1619607360.201736, 9
1619607360.215294, 8
1619607360.229145, 5
1619607360.242644, 3
1619607360.257529, 2
1619607360.271492, 2
1619607360.285041, 3
1619607360.298472, 3
1619607360.311696, 2
1619607360.324694, 3
1619607360.337679, 3
1619607360.350890, 4
1619607360.365089, 4
1619607360.378523, 3
1619607360.392608, 4
1619607360.406079, 4
1619607360.419940, 4
1619607360.433210, 7
1619607360.447708, 5
1619607360.462049, 5
1619607360.475613, 5
1619607360.489775, 7
1619607360.503812, 6
1619607360.517261, 5
1619607360.530535, 6
1619607360.544644, 7
1619607360.559103, 8
1619607360.573854, 7
1619607360.588666, 7
1619607360.602315, 8
1619607360.615552, 9
1619607360.630150, 8
1619607360.643990, 9
1619607360.658206, 9
1619607360.672340, 9
1619607360.686755, 9
1619607360.700256, 9
1619607360.713159, 10
1619607360.726677, 8
1619607360.741367, 9
1619607360.755156, 9
1619607360.767968, 6
1619607360.782182, 3
1619607360.795393, 1
1619607360.809262, 3
1619607360.822349, 2
1619607360.835089, 4
1619607360.848607, 3
1619607360.862072, 2
1619607360.875502, 3
1619607360.889096, 3
1619607360.902861, 5
1619607360.917209, 4
1619607360.931240, 5
1619607360.945070, 4
1619607360.959231, 4
1619607360.972743, 5
1619607360.985584, 5
1619607360.999278, 6
1619607361.012686, 6
1619607361.026206, 5
1619607361.039961, 7
1619607361.053251, 6
1619607361.067431, 7
1619607361.081469, 7
1619607361.095784, 8
1619607361.109944, 8
1619607361.122918, 8
1619607361.135933, 7
1619607361.148753, 8
1619607361.162286, 8
1619607361.175845, 8
1619607361.188981, 7
1619607361.203728, 8
1619607361.218440, 9
1619607361.231920, 9
1619607361.245381, 9
1619607361.260225, 8
1619607361.274313, 9
1619607361.288172, 9
1619607361.301079, 9
1619607361.316266, 5
1619607361.330370, 2
1619607361.345093, 1
1619607361.359234, 3
1619607361.373901, 3
1619607361.387954, 3
1619607361.402009, 4
1619607361.415930, 2
1619607361.430114, 3
1619607361.445128, 3
1619607361.459180, 4
1619607361.472418, 3
1619607361.487150, 4
1619607361.501519, 6
1619607361.515801, 5
1619607361.529832, 6
1619607361.543189, 5
1619607361.556917, 6
1619607361.571015, 6
1619607361.584346, 6
1619607361.597840, 7
1619607361.611914, 6
1619607361.626262, 7
1619607361.639742, 7
1619607361.652532, 8
1619607361.665386, 8
1619607361.678260, 7
1619607361.691159, 7
1619607361.704548, 8
1619607361.718688, 9
1619607361.733412, 8
1619607361.747481, 8
1619607361.761502, 8
1619607361.775052, 9
1619607361.789008, 8
1619607361.802551, 9
1619607361.816551, 9
1619607361.830022, 10
1619607361.844683, 9
1619607361.857560, 8
1619607361.870414, 9
1619607361.883258, 9
1619607361.897083, 7
1619607361.910174, 4
1619607361.923698, 2
1619607361.937090, 3
1619607361.950609, 1
1619607361.964743, 2
1619607361.978700, 2
1619607361.992795, 3
1619607362.006895, 3
1619607362.021575, 3
1619607362.035832, 3
1619607362.049759, 5
1619607362.063802, 4
1619607362.077264, 4
1619607362.090723, 4
1619607362.104173, 4
1619607362.117708, 5
1619607362.131151, 4
1619607362.144761, 5
1619607362.158181, 6
1619607362.172309, 6
1619607362.185666, 6
1619607362.199216, 7
1619607362.212656, 7
1619607362.225529, 7
1619607362.239479, 7
1619607362.252944, 7
1619607362.266401, 8
1619607362.280554, 8
1619607362.294620, 8
1619607362.308708, 8
1619607362.323774, 9
1619607362.337507, 10
1619607362.350666, 9
1619607362.365413, 9
1619607362.380063, 9
1619607362.394206, 9
1619607362.407916, 9
1619607362.421429, 9
1619607362.434735, 9
1619607362.448102, 10
1619607362.462147, 9
1619607362.475700, 8
1619607362.489100, 8
1619607362.503684, 2
1619607362.517820, 4
1619607362.531954, 2
1619607362.546029, 2
1619607362.560167, 3
1619607362.574875, 3
1619607362.588903, 3
1619607362.602530, 3
1619607362.616822, 4
1619607362.630601, 3
1619607362.644825, 5
1619607362.659262, 5
1619607362.672598, 4
1619607362.687770, 5
1619607362.702093, 5
1619607362.716780, 7
1619607362.730429, 5
1619607362.744291, 6
1619607362.759039, 6
1619607362.772606, 7
1619607362.786068, 7
1619607362.799874, 6
1619607362.814627, 8
1619607362.828672, 7
1619607362.843387, 7
1619607362.856806, 8
1619607362.870941, 8
1619607362.884341, 9
1619607362.897795, 9
1619607362.911862, 8
1619607362.925212, 10
1619607362.939005, 9
1619607362.952549, 9
1619607362.965643, 9
1619607362.979914, 10
1619607362.992819, 9
1619607363.007182, 9
1619607363.021479, 8
1619607363.034396, 8
1619607363.047940, 7
1619607363.061435, 3
1619607363.075558, 3
1619607363.089944, 3
1619607363.103855, 2
1619607363.117925, 3
1619607363.131671, 2
1619607363.145807, 2
1619607363.159865, 4
1619607363.173976, 3
1619607363.187993, 4
1619607363.201844, 3
1619607363.215893, 4
1619607363.230014, 5
1619607363.244744, 5
1619607363.258824, 5
1619607363.274208, 6
1619607363.287886, 4
1619607363.301772, 6
1619607363.315919, 6
1619607363.329976, 6
1619607363.344122, 7
1619607363.358245, 7
1619607363.371972, 7
1619607363.385312, 7
1619607363.399402, 7
1619607363.413561, 7
1619607363.427840, 8
1619607363.441878, 8
1619607363.454992, 8
1619607363.468865, 9
1619607363.481860, 8
1619607363.495313, 9
1619607363.508842, 9
1619607363.523095, 10
1619607363.537133, 10
1619607363.552490, 9
1619607363.566024, 10
1619607363.579378, 9
1619607363.593617, 9
1619607363.607691, 9
1619607363.621742, 8
1619607363.635862, 8
1619607363.649613, 2
1619607363.663778, 3
1619607363.677954, 3
1619607363.691938, 3
1619607363.704647, 2
1619607363.717619, 3
1619607363.730778, 3
1619607363.743882, 3
1619607363.757648, 3
1619607363.771704, 3
1619607363.784635, 4
1619607363.799318, 4
1619607363.813411, 4
1619607363.827836, 5
1619607363.842032, 5
1619607363.855952, 5
1619607363.869965, 6
1619607363.884104, 6
1619607363.898187, 6
1619607363.911641, 6
1619607363.925722, 7
1619607363.939237, 7
1619607363.953615, 7
1619607363.967205, 7
1619607363.981252, 7
1619607363.995952, 8
1619607364.010696, 7
1619607364.025437, 8
1619607364.040176, 9
1619607364.054234, 9
1619607364.068588, 9
1619607364.082146, 9
1619607364.095739, 9
1619607364.109319, 9
1619607364.123580, 9
1619607364.138576, 9
1619607364.152673, 9
1619607364.167184, 9
1619607364.181035, 9
1619607364.194514, 8
1619607364.207575, 5
1619607364.220541, 2
1619607364.233639, 2
1619607364.247645, 2
1619607364.261546, 3
1619607364.275425, 2
1619607364.289984, 3
1619607364.304775, 3
1619607364.319436, 4
1619607364.338464, 4
1619607364.353334, 4
1619607364.367392, 5
1619607364.380502, 4
1619607364.393630, 4
1619607364.408516, 5
1619607364.423272, 5
1619607364.436855, 6
1619607364.450830, 7
1619607364.464021, 7
1619607364.478103, 7
1619607364.491157, 6
1619607364.504292, 6
1619607364.518296, 7
1619607364.532271, 7
1619607364.546252, 8
1619607364.560339, 8
1619607364.573599, 7
1619607364.586789, 8
1619607364.600749, 9
1619607364.615040, 9
1619607364.629568, 9
1619607364.643722, 8
1619607364.659324, 9
1619607364.673217, 9
1619607364.688350, 10
1619607364.702015, 10
1619607364.716014, 9
1619607364.729116, 8
1619607364.742354, 7
1619607364.757193, 6
1619607364.771162, 3
1619607364.785133, 2
1619607364.798350, 3
1619607364.812360, 1
1619607364.826325, 3
1619607364.839661, 3
1619607364.853500, 2
1619607364.867523, 4
1619607364.880657, 2
1619607364.894637, 3
1619607364.908627, 3
1619607364.922608, 4
1619607364.935770, 3
1619607364.949359, 5
1619607364.961970, 4
1619607364.975950, 5
1619607364.990024, 5
1619607365.003228, 6
1619607365.017336, 5
1619607365.031250, 8
1619607365.045222, 6
1619607365.059208, 5
1619607365.072500, 7
1619607365.086478, 7
1619607365.100107, 7
1619607365.114463, 6
1619607365.128584, 8
1619607365.141655, 8
1619607365.155867, 8
1619607365.169626, 7
1619607365.182788, 8
1619607365.196797, 8
1619607365.210769, 9
1619607365.224406, 9
1619607365.238789, 9
1619607365.253067, 9
1619607365.266457, 8
1619607365.280939, 9
1619607365.294404, 10
1619607365.307316, 9
1619607365.320806, 9
1619607365.333599, 10
1619607365.348434, 9
1619607365.362609, 6
1619607365.377408, 2
1619607365.391624, 2
1619607365.405871, 3
1619607365.419378, 2
1619607365.433472, 3
1619607365.447683, 3
1619607365.461493, 4
1619607365.475637, 4
1619607365.489091, 4
1619607365.502552, 4
1619607365.515995, 5
1619607365.530867, 6
1619607365.544881, 4
1619607365.559005, 5
1619607365.573103, 6
1619607365.586660, 7
1619607365.601613, 6
1619607365.615723, 7
1619607365.629969, 6
1619607365.644028, 7
1619607365.658242, 7
1619607365.671663, 7
1619607365.684995, 7
1619607365.698334, 7
1619607365.711725, 8
1619607365.726583, 7
1619607365.739986, 8
1619607365.753498, 8
1619607365.767374, 8
1619607365.781461, 9
1619607365.795680, 9
1619607365.809710, 9
1619607365.823956, 9
1619607365.837973, 10
1619607365.852161, 9
1619607365.868433, 9
1619607365.881385, 9
1619607365.895532, 9
1619607365.908955, 9
1619607365.923951, 5
1619607365.938012, 4
1619607365.951631, 1
1619607365.965669, 4
1619607365.980189, 2
1619607365.994310, 2
1619607366.008498, 3
1619607366.022570, 3
1619607366.037520, 4
1619607366.051369, 3
1619607366.066137, 5
1619607366.078969, 4
1619607366.093065, 5
1619607366.106481, 4
1619607366.121509, 5
1619607366.135505, 5
1619607366.149095, 6
1619607366.163213, 5
1619607366.178706, 6
1619607366.192843, 6
1619607366.207162, 6
1619607366.221342, 6
1619607366.235503, 8
1619607366.250421, 7
1619607366.263945, 7
1619607366.276991, 7
1619607366.291053, 8
1619607366.305181, 9
1619607366.319318, 9
1619607366.334118, 8
1619607366.348215, 9
1619607366.362641, 8
1619607366.376811, 9
1619607366.390945, 9
1619607366.405859, 9
1619607366.419989, 9
1619607366.433317, 10
1619607366.448059, 9
1619607366.462880, 8
1619607366.477661, 9
1619607366.491926, 9
1619607366.505951, 8
1619607366.519590, 2
1619607366.533701, 3
1619607366.547894, 3
1619607366.561328, 2
1619607366.575481, 2
1619607366.589587, 2
1619607366.602775, 3
1619607366.615569, 4
1619607366.629086, 4
1619607366.642292, 4
1619607366.655917, 4
1619607366.669935, 5
1619607366.683044, 6
1619607366.697099, 5
1619607366.711648, 6
1619607366.725112, 5
1619607366.739857, 6
1619607366.754004, 6
1619607366.767502, 6
1619607366.780977, 6
1619607366.794531, 7
1619607366.808031, 7
1619607366.820971, 8
1619607366.834592, 7
1619607366.848041, 8
1619607366.860957, 7
1619607366.875303, 8
1619607366.889527, 8
1619607366.903380, 9
1619607366.917036, 8
1619607366.931293, 8
1619607366.944711, 8
1619607366.958178, 9
1619607366.972372, 8
1619607366.985814, 8
1619607366.999705, 9
1619607367.014413, 10
1619607367.028110, 9
1619607367.041901, 9
1619607367.054886, 9
1619607367.069589, 9
1619607367.084850, 4
1619607367.098468, 2
1619607367.112045, 1
1619607367.126088, 4
1619607367.140010, 3
1619607367.154163, 2
1619607367.167733, 4
1619607367.181890, 3
1619607367.195865, 4
1619607367.209671, 5
1619607367.223324, 4
1619607367.236758, 6
1619607367.250376, 5
1619607367.263923, 6
1619607367.276982, 5
1619607367.290467, 6
1619607367.304007, 6
1619607367.317454, 5
1619607367.330426, 6
1619607367.343942, 7
1619607367.358106, 7
1619607367.371740, 7
1619607367.385723, 6
1619607367.399239, 7
1619607367.413362, 8
1619607367.426890, 8
1619607367.441606, 7
1619607367.454536, 9
1619607367.468025, 8
1619607367.481214, 8
1619607367.494617, 9
1619607367.508081, 9
1619607367.522116, 9
1619607367.535569, 9
1619607367.548893, 9
1619607367.562463, 10
1619607367.576628, 9
1619607367.591385, 9
1619607367.604850, 9
1619607367.619091, 9
1619607367.633107, 8
1619607367.647230, 2
1619607367.661391, 3
1619607367.675125, 2
1619607367.689224, 2
1619607367.703109, 3
1619607367.717658, 2
1619607367.730833, 2
1619607367.745548, 3
1619607367.759675, 3
1619607367.773129, 4
1619607367.787504, 3
1619607367.801427, 4
1619607367.814937, 4
1619607367.828467, 4
1619607367.842235, 6
1619607367.855845, 4
1619607367.869007, 6
1619607367.882524, 6
1619607367.896073, 5
1619607367.910248, 6
1619607367.924111, 6
1619607367.938262, 7
1619607367.951934, 8
1619607367.966054, 7
1619607367.979737, 7
1619607367.993811, 7
1619607368.007762, 7
1619607368.021261, 7
1619607368.035348, 7
1619607368.048219, 9
1619607368.061119, 8
1619607368.075264, 9
1619607368.089411, 9
1619607368.103656, 10
1619607368.117847, 9
1619607368.131864, 9
1619607368.144796, 10
1619607368.158357, 9
1619607368.172054, 9
1619607368.186448, 9
1619607368.200549, 9
1619607368.214201, 9
1619607368.227659, 4
1619607368.241941, 2
1619607368.255632, 3
1619607368.268798, 2
1619607368.282208, 2
1619607368.296380, 2
1619607368.310247, 4
1619607368.324557, 3
1619607368.338180, 4
1619607368.352102, 3
1619607368.365562, 5
1619607368.379188, 6
1619607368.392553, 5
1619607368.405958, 4
1619607368.420247, 6
1619607368.433649, 6
1619607368.447619, 6
1619607368.461657, 6
1619607368.475841, 6
1619607368.488824, 6
1619607368.501807, 7
1619607368.515294, 7
1619607368.528825, 6
1619607368.541953, 7
1619607368.555861, 7
1619607368.569117, 8
1619607368.583424, 8
1619607368.596801, 8
1619607368.610184, 10
1619607368.624176, 8
1619607368.638881, 9
1619607368.652834, 8
1619607368.666247, 8
1619607368.680436, 9
1619607368.694444, 9
1619607368.709060, 9
1619607368.723002, 9
1619607368.736987, 9
1619607368.751029, 9
1619607368.764737, 8
1619607368.778141, 5
1619607368.791683, 3
1619607368.805819, 2
1619607368.820109, 2
1619607368.833990, 3
1619607368.847404, 3
1619607368.861755, 3
1619607368.875930, 2
1619607368.889350, 3
1619607368.902715, 3
1619607368.915813, 4
1619607368.928845, 4
1619607368.941912, 4
1619607368.954632, 4
1619607368.968101, 4
1619607368.982086, 4
1619607368.995220, 6
1619607369.009291, 6
1619607369.023393, 6
1619607369.037481, 6
1619607369.050621, 7
1619607369.064616, 6
1619607369.078748, 6
1619607369.092687, 7
1619607369.106087, 7
1619607369.119855, 7
1619607369.133085, 7
1619607369.146984, 8
1619607369.161023, 9
1619607369.175200, 8
1619607369.189372, 8
1619607369.203409, 9
1619607369.217248, 9
1619607369.230214, 9
1619607369.244368, 9
1619607369.257292, 9
1619607369.270628, 10
1619607369.284843, 9
1619607369.298384, 9
1619607369.312931, 9
1619607369.326580, 8
1619607369.340047, 9
1619607369.353332, 9
1619607369.367392, 5
1619607369.380313, 3
1619607369.393707, 1
1619607369.406984, 3
1619607369.420937, 3
1619607369.433774, 2
1619607369.447736, 3
1619607369.460800, 4
1619607369.474536, 5
1619607369.487584, 3
1619607369.500801, 4
1619607369.513711, 4
1619607369.527157, 4
1619607369.540160, 5
1619607369.554117, 5
1619607369.568132, 4
1619607369.581315, 6
1619607369.595464, 6
1619607369.609258, 6
1619607369.623027, 7
1619607369.637748, 7
1619607369.651646, 7
1619607369.665756, 7
1619607369.679447, 7
1619607369.692660, 8
1619607369.706347, 9
1619607369.720658, 8
1619607369.734108, 7
1619607369.748793, 8
1619607369.763016, 8
1619607369.777128, 9
1619607369.791750, 9
1619607369.805213, 9
1619607369.819043, 9
1619607369.833777, 9
1619607369.847197, 9
1619607369.861656, 10
1619607369.875496, 10
1619607369.889452, 10
1619607369.903547, 8
1619607369.917034, 9
1619607369.929976, 4
1619607369.943644, 2
1619607369.957728, 3
1619607369.971846, 2
1619607369.985518, 3
1619607369.999800, 2
1619607370.014207, 4
1619607370.028226, 3
1619607370.042164, 4
1619607370.056397, 4
1619607370.070892, 4
1619607370.084375, 5
1619607370.098355, 6
1619607370.112871, 4
1619607370.126533, 5
1619607370.141258, 7
1619607370.155302, 6
1619607370.170252, 7
1619607370.184639, 7
1619607370.199096, 7
1619607370.212974, 7
1619607370.226382, 6
1619607370.241435, 7
1619607370.255599, 8
1619607370.269134, 8
1619607370.282886, 8
1619607370.296232, 8
1619607370.309713, 8
1619607370.323377, 9
1619607370.336639, 8
1619607370.350496, 9
1619607370.364063, 10
1619607370.378049, 10
1619607370.391145, 9
1619607370.404605, 9
1619607370.417553, 10
1619607370.430446, 9
1619607370.444006, 10
1619607370.457271, 9
1619607370.471081, 9
1619607370.485554, 9
1619607370.498667, 9
1619607370.512385, 2
1619607370.526640, 2
1619607370.540364, 3
1619607370.554158, 2
1619607370.568224, 3
1619607370.582763, 4
1619607370.596191, 3
1619607370.609300, 3
1619607370.623557, 4
1619607370.637411, 5
1619607370.651593, 4
1619607370.665215, 5
1619607370.678646, 4
1619607370.692092, 6
1619607370.705608, 5
1619607370.719136, 5
1619607370.732778, 5
1619607370.746213, 6
1619607370.760308, 6
1619607370.774373, 6
1619607370.788142, 6
1619607370.801008, 7
1619607370.814510, 7
1619607370.827725, 8
1619607370.841829, 7
1619607370.855630, 8
1619607370.869662, 8
1619607370.883051, 9
1619607370.896416, 8
1619607370.909512, 9
1619607370.922756, 9
1619607370.936082, 8
1619607370.949310, 8
1619607370.963284, 9
1619607370.977040, 9
1619607370.991208, 10
1619607371.004840, 9
1619607371.018956, 9
1619607371.033453, 9
1619607371.047368, 10
1619607371.061304, 9
1619607371.075470, 6
1619607371.089603, 2
1619607371.103818, 2
1619607371.117068, 2
1619607371.131577, 3
1619607371.145777, 2
1619607371.158988, 3
1619607371.173920, 3
1619607371.188101, 4
1619607371.202008, 4
1619607371.215957, 4
1619607371.229819, 5
1619607371.242818, 5
1619607371.255700, 5
1619607371.269247, 6
1619607371.282929, 5
1619607371.296110, 7
1619607371.309556, 6
1619607371.322836, 6
1619607371.336041, 6
1619607371.350541, 8
1619607371.363718, 7
1619607371.377147, 6
1619607371.390942, 7
1619607371.404883, 8
1619607371.419200, 8
1619607371.433881, 8
1619607371.447618, 7
1619607371.460741, 9
1619607371.474122, 9
1619607371.488752, 8
1619607371.502671, 9
1619607371.517136, 9
1619607371.531310, 9
1619607371.545272, 9
1619607371.559397, 10
1619607371.572880, 9
1619607371.585988, 9
1619607371.599428, 8
1619607371.613934, 8
1619607371.627605, 9
1619607371.642182, 2
1619607371.655619, 3
1619607371.668617, 3
1619607371.681496, 3
1619607371.694729, 3
1619607371.707939, 3
1619607371.721572, 4
1619607371.735862, 4
1619607371.750162, 4
1619607371.764428, 5
1619607371.778172, 5
1619607371.791982, 5
1619607371.805643, 5
1619607371.819962, 5
1619607371.834904, 5
1619607371.848650, 6
1619607371.862892, 6
1619607371.876962, 5
1619607371.890608, 7
1619607371.904633, 6
1619607371.918442, 7
1619607371.932364, 6
1619607371.945829, 7
1619607371.959315, 8
1619607371.972866, 7
1619607371.986967, 7
1619607371.999844, 9
1619607372.012907, 8
1619607372.026014, 9
1619607372.039303, 9
1619607372.052457, 9
1619607372.065885, 10
1619607372.080394, 9
1619607372.094892, 9
1619607372.108812, 10
1619607372.122238, 10
1619607372.136222, 9
1619607372.149696, 8
1619607372.162787, 10
1619607372.176530, 8
1619607372.189430, 5
1619607372.203482, 4
1619607372.216658, 3
1619607372.229887, 2
1619607372.243889, 3
1619607372.257357, 2
1619607372.270236, 3
1619607372.285795, 3
1619607372.299234, 4
1619607372.312602, 3
1619607372.325176, 4
1619607372.338573, 3
1619607372.351981, 5
1619607372.365422, 4
1619607372.380688, 4
1619607372.394077, 5
1619607372.409541, 5
1619607372.422944, 4
1619607372.436916, 5
1619607372.450285, 6
1619607372.463206, 6
1619607372.477277, 6
1619607372.491309, 7
1619607372.505078, 7
1619607372.518510, 7
1619607372.532451, 6
1619607372.546149, 7
1619607372.560178, 8
1619607372.574208, 8
1619607372.587084, 8
1619607372.599942, 9
1619607372.613848, 9
1619607372.628362, 8
1619607372.641575, 8
1619607372.655536, 8
1619607372.668963, 9
1619607372.681700, 9
1619607372.695849, 9
1619607372.709433, 10
1619607372.723407, 9
1619607372.737382, 9
1619607372.751001, 9
1619607372.765267, 7
1619607372.779257, 4
1619607372.793152, 2
1619607372.806619, 3
1619607372.821062, 4
1619607372.834966, 3
1619607372.848394, 4
1619607372.861802, 3
1619607372.874710, 3
1619607372.887550, 4
1619607372.900751, 4
1619607372.914218, 4
1619607372.927777, 5
1619607372.940676, 4
1619607372.954018, 5
1619607372.967992, 6
1619607372.980833, 5
1619607372.994232, 5
1619607373.007125, 6
1619607373.020515, 6
1619607373.033376, 6
1619607373.046353, 7
1619607373.059620, 7
1619607373.073065, 7
1619607373.086459, 6
1619607373.099594, 8
1619607373.112471, 7
1619607373.126357, 7
1619607373.140325, 8
1619607373.153687, 7
1619607373.167162, 8
1619607373.180564, 7
1619607373.195861, 8
1619607373.209764, 10
1619607373.223742, 10
1619607373.237654, 9
1619607373.251506, 10
1619607373.265926, 9
1619607373.279401, 10
1619607373.292886, 8
1619607373.306934, 9
1619607373.320403, 9
1619607373.334453, 9
1619607373.347914, 5
1619607373.361745, 4
1619607373.375796, 0
1619607373.389823, 3
1619607373.403197, 3
1619607373.416632, 2
1619607373.429701, 3
1619607373.442898, 2
1619607373.456950, 3
1619607373.469942, 3
1619607373.483957, 4
1619607373.498495, 4
1619607373.512986, 6
1619607373.526477, 4
1619607373.540444, 4
1619607373.554485, 6
1619607373.568475, 5
1619607373.582501, 6
1619607373.597033, 5
1619607373.611559, 6
1619607373.625482, 6
1619607373.639586, 7
1619607373.653612, 6
1619607373.667060, 7
1619607373.681212, 8
1619607373.694667, 8
1619607373.708683, 7
1619607373.722191, 8
1619607373.736669, 8
1619607373.751057, 8
1619607373.765169, 8
1619607373.779086, 9
1619607373.794098, 10
1619607373.807573, 10
1619607373.820325, 9
1619607373.833323, 9
1619607373.847357, 9
1619607373.860669, 9
1619607373.873855, 9
1619607373.887817, 10
1619607373.901732, 10
1619607373.915773, 9
1619607373.929173, 8
1619607373.942846, 4
1619607373.956744, 3
1619607373.970198, 2
1619607373.984021, 2
1619607373.998080, 2
1619607374.011677, 3
1619607374.025211, 3
1619607374.038332, 3
1619607374.052118, 3
1619607374.065893, 4
1619607374.080410, 3
1619607374.094143, 4
1619607374.107961, 3
1619607374.121233, 5
1619607374.134282, 4
1619607374.147737, 5
1619607374.160857, 5
1619607374.174341, 6
1619607374.187876, 5
1619607374.202411, 6
1619607374.216215, 7
1619607374.229476, 7
1619607374.243637, 6
1619607374.258328, 7
1619607374.272345, 8
1619607374.286481, 7
1619607374.300733, 7
1619607374.313829, 8
1619607374.328332, 8
1619607374.341382, 8
1619607374.354425, 8
1619607374.368147, 9
1619607374.382776, 9
1619607374.397255, 9
1619607374.410945, 9
1619607374.424738, 10
1619607374.438334, 9
1619607374.451494, 8
1619607374.465818, 9
1619607374.479072, 7
1619607374.492595, 6
1619607374.505637, 4
1619607374.519241, 1
1619607374.534788, 2
1619607374.548873, 3
1619607374.562407, 1
1619607374.575999, 4
1619607374.590456, 2
1619607374.603454, 4
1619607374.616941, 2
1619607374.630899, 4
1619607374.643881, 4
1619607374.656893, 5
1619607374.670916, 5
1619607374.684476, 5
1619607374.697942, 4
1619607374.711428, 6
1619607374.724455, 5
1619607374.737802, 6
1619607374.751027, 5
1619607374.765025, 6
1619607374.778517, 7
1619607374.792044, 7
1619607374.805966, 6
1619607374.820658, 8
1619607374.834636, 7
1619607374.848603, 7
1619607374.862623, 8
1619607374.877128, 8
1619607374.891612, 8
1619607374.905099, 8
1619607374.918844, 8
1619607374.933878, 8
1619607374.948331, 9
1619607374.961907, 9
1619607374.976376, 9
1619607374.990703, 10
1619607375.005202, 8
1619607375.019773, 9
1619607375.032791, 9
1619607375.046782, 10
1619607375.060791, 8
1619607375.074899, 8
1619607375.088874, 3
1619607375.103067, 3
1619607375.117054, 3
1619607375.130653, 2
1619607375.145115, 3
1619607375.158503, 2
1619607375.172993, 4
1619607375.186517, 4
1619607375.200489, 4
1619607375.214005, 4
1619607375.228373, 4
1619607375.242376, 4
1619607375.256454, 4
1619607375.270414, 6
1619607375.283552, 5
1619607375.296607, 7
1619607375.310540, 5
1619607375.323655, 5
1619607375.338894, 6
1619607375.353329, 6
1619607375.367371, 7
1619607375.381345, 7
1619607375.395556, 7
1619607375.408394, 7
1619607375.421902, 9
1619607375.435458, 8
1619607375.449261, 8
1619607375.463322, 9
1619607375.477230, 8
1619607375.491229, 9
1619607375.505185, 8
1619607375.518788, 9
1619607375.532599, 10
1619607375.546173, 9
1619607375.560558, 8
1619607375.574083, 10
1619607375.587109, 9
1619607375.600203, 9
1619607375.613307, 9
1619607375.626841, 9
1619607375.640904, 9
1619607375.655700, 3
1619607375.670538, 2
1619607375.685064, 3
1619607375.699777, 2
1619607375.713649, 3
1619607375.726929, 2
1619607375.741027, 3
1619607375.754574, 3
1619607375.769180, 5
1619607375.782858, 4
1619607375.796751, 5
1619607375.810751, 6
1619607375.825146, 5
1619607375.838700, 5
1619607375.852261, 5
1619607375.866253, 6
1619607375.880560, 6
1619607375.894077, 5
1619607375.908587, 6
1619607375.922039, 6
1619607375.935590, 7
1619607375.949527, 6
1619607375.963069, 8
1619607375.976003, 8
1619607375.988764, 7
1619607376.001822, 8
1619607376.015844, 7
1619607376.030396, 10
1619607376.043609, 9
1619607376.058133, 7
1619607376.073104, 8
1619607376.087623, 10
1619607376.101837, 10
1619607376.115903, 9
1619607376.129878, 10
1619607376.142971, 9
1619607376.157474, 9
1619607376.171454, 10
1619607376.185714, 9
1619607376.199553, 9
1619607376.213783, 5
1619607376.226851, 2
1619607376.240352, 3
1619607376.253806, 3
1619607376.266840, 3
1619607376.280812, 2
1619607376.293854, 3
1619607376.306863, 3
1619607376.320816, 4
1619607376.333831, 4
1619607376.346856, 5
1619607376.359709, 4
1619607376.372473, 6
1619607376.386473, 5
1619607376.399926, 6
1619607376.414625, 6
1619607376.429160, 6
1619607376.442502, 6
1619607376.456001, 7
1619607376.469506, 6
1619607376.483047, 7
1619607376.497236, 7
1619607376.510881, 7
1619607376.524592, 7
1619607376.538628, 7
1619607376.552638, 7
1619607376.567078, 8
1619607376.581098, 9
1619607376.595042, 8
1619607376.608816, 9
1619607376.622870, 9
1619607376.636407, 9
1619607376.649903, 9
1619607376.663820, 10
1619607376.677427, 9
1619607376.691941, 10
1619607376.705582, 10
1619607376.719030, 9
1619607376.732594, 9
1619607376.745337, 10
1619607376.758902, 10
1619607376.773204, 9
1619607376.787352, 9
1619607376.800799, 6
1619607376.813397, 4
1619607376.827134, 2
1619607376.841434, 2
1619607376.855411, 3
1619607376.869935, 2
1619607376.884485, 4
1619607376.899049, 2
1619607376.913104, 4
1619607376.926615, 4
1619607376.940597, 5
1619607376.953452, 4
1619607376.967319, 5
1619607376.980716, 4
1619607376.994725, 5
1619607377.009232, 5
1619607377.023378, 5
1619607377.037859, 5
1619607377.051216, 6
1619607377.064205, 6
1619607377.077761, 6
1619607377.092235, 7
1619607377.105217, 6
1619607377.118279, 7
1619607377.131424, 8
1619607377.145442, 7
1619607377.158399, 6
1619607377.171470, 8
1619607377.185361, 9
1619607377.198417, 8
1619607377.212375, 9
1619607377.226000, 10
1619607377.240713, 10
1619607377.255243, 9
1619607377.269229, 9
1619607377.283808, 10
1619607377.297712, 10
1619607377.311734, 9
1619607377.326234, 8
1619607377.339832, 8
1619607377.353761, 4
1619607377.368235, 3
1619607377.381486, 1
1619607377.395311, 3
1619607377.409527, 2
1619607377.423599, 2
1619607377.436987, 2
1619607377.450818, 4
1619607377.464294, 3
1619607377.477492, 4
1619607377.490567, 4
1619607377.504025, 4
1619607377.517766, 4
1619607377.531637, 6
1619607377.545021, 5
1619607377.558510, 5
1619607377.572660, 5
1619607377.587055, 6
1619607377.601076, 6
1619607377.614423, 7
1619607377.629457, 7
1619607377.643640, 6
1619607377.658345, 7
1619607377.672866, 6
1619607377.686389, 7
1619607377.700942, 8
1619607377.714632, 8
1619607377.728520, 8
1619607377.742721, 7
1619607377.756763, 9
1619607377.770589, 9
1619607377.784612, 8
1619607377.798092, 9
1619607377.812207, 9
1619607377.825915, 10
1619607377.839616, 9
1619607377.854314, 10
1619607377.867819, 10
1619607377.881325, 10
1619607377.895582, 10
1619607377.909862, 10
1619607377.924645, 10
1619607377.939394, 9
1619607377.953441, 7
1619607377.968144, 4
1619607377.981239, 2
1619607377.994918, 2
1619607378.008598, 4
1619607378.022827, 3
1619607378.037222, 2
1619607378.050692, 3
1619607378.064310, 4
1619607378.078310, 4
1619607378.092179, 4
1619607378.106541, 5
1619607378.120632, 4
1619607378.134552, 5
1619607378.147827, 5
1619607378.161373, 6
1619607378.175540, 6
1619607378.189572, 6
1619607378.203738, 5
1619607378.218776, 7
1619607378.232316, 7
1619607378.247181, 7
1619607378.260954, 7
1619607378.274794, 6
1619607378.288955, 7
1619607378.302493, 7
1619607378.316466, 7
1619607378.330573, 8
1619607378.344123, 8
1619607378.357225, 8
1619607378.370392, 9
1619607378.383917, 9
1619607378.397423, 8
1619607378.411447, 9
1619607378.425438, 9
1619607378.439579, 9
1619607378.454912, 8
1619607378.470488, 9
1619607378.484478, 8
1619607378.498997, 10
1619607378.512502, 8
1619607378.526425, 6
1619607378.540611, 3
1619607378.553562, 2
1619607378.566815, 3
1619607378.580750, 1
1619607378.594224, 3
1619607378.608079, 3
1619607378.621661, 2
1619607378.635131, 3
1619607378.648603, 4
1619607378.661626, 4
1619607378.675417, 4
1619607378.688876, 3
1619607378.701913, 3
1619607378.715127, 4
1619607378.728608, 6
1619607378.741648, 5
1619607378.754364, 5
1619607378.767500, 5
1619607378.781452, 6
1619607378.795373, 6
1619607378.809269, 5
1619607378.822854, 6
1619607378.838195, 7
1619607378.851803, 7
1619607378.865326, 8
1619607378.879616, 8
1619607378.893252, 9
1619607378.907175, 8
1619607378.921274, 7
1619607378.935215, 8
1619607378.949693, 8
1619607378.963721, 9
1619607378.977707, 8
1619607378.991020, 10
1619607379.005480, 10
1619607379.019764, 9
1619607379.034119, 9
1619607379.047816, 9
1619607379.061213, 9
1619607379.074774, 8
1619607379.088839, 6
1619607379.102396, 3
1619607379.117140, 1
1619607379.130706, 3
1619607379.145268, 1
1619607379.159865, 3
1619607379.172809, 2
1619607379.187824, 3
1619607379.201315, 3
1619607379.214644, 4
1619607379.229263, 5
1619607379.243775, 4
1619607379.258222, 4
1619607379.271788, 5
1619607379.285306, 5
1619607379.298496, 5
1619607379.311458, 5
1619607379.325966, 4
1619607379.339891, 6
1619607379.353911, 7
1619607379.367732, 5
1619607379.382265, 6
1619607379.396512, 7
1619607379.410502, 6
1619607379.423537, 7
1619607379.437518, 6
1619607379.450981, 8
1619607379.464061, 7
1619607379.477861, 9
1619607379.491897, 8
1619607379.504931, 7
1619607379.518381, 9
1619607379.531614, 9
1619607379.544745, 9
1619607379.558701, 9
1619607379.572222, 9
1619607379.587439, 9
1619607379.601729, 9
1619607379.615932, 9
1619607379.630746, 9
1619607379.644244, 9
1619607379.657242, 9
1619607379.670204, 6
1619607379.683268, 4
1619607379.699379, 1
1619607379.714997, 2
1619607379.729008, 3
1619607379.743576, 2
1619607379.757054, 3
1619607379.770851, 2
1619607379.783839, 3
1619607379.797450, 4
1619607379.812192, 4
1619607379.825513, 4
1619607379.839489, 5
1619607379.853480, 5
1619607379.867084, 4
1619607379.881013, 5
1619607379.894794, 6
1619607379.908300, 6
1619607379.922585, 6
1619607379.936589, 7
1619607379.950902, 6
1619607379.965409, 6
1619607379.979399, 7
1619607379.993297, 8
1619607380.006941, 7
1619607380.020332, 6
1619607380.034297, 8
1619607380.047494, 8
1619607380.060974, 8
1619607380.074047, 7
1619607380.087539, 8
1619607380.101042, 9
1619607380.114106, 9
1619607380.127344, 8
1619607380.140543, 9
1619607380.154055, 10
1619607380.168599, 10
1619607380.182663, 8
1619607380.196776, 8
1619607380.211025, 8
1619607380.226455, 2
1619607380.241052, 2
1619607380.254972, 2
1619607380.269837, 2
1619607380.283526, 3
1619607380.298394, 2
1619607380.312434, 2
1619607380.326575, 3
1619607380.340846, 4
1619607380.354844, 4
1619607380.369178, 4
1619607380.382777, 4
1619607380.396747, 5
1619607380.410249, 5
1619607380.423410, 4
1619607380.436789, 5
1619607380.451483, 6
1619607380.464527, 6
1619607380.478364, 6
1619607380.491823, 6
1619607380.505577, 6
1619607380.519961, 7
1619607380.533492, 7
1619607380.547626, 7
1619607380.562230, 8
1619607380.575491, 7
1619607380.588963, 7
1619607380.602014, 8
1619607380.615187, 7
1619607380.628222, 9
1619607380.641198, 8
1619607380.655243, 8
1619607380.668771, 10
1619607380.682220, 9
1619607380.695877, 9
1619607380.709210, 10
1619607380.722730, 10
1619607380.736580, 9
1619607380.749963, 8
1619607380.762973, 9
1619607380.776323, 9
1619607380.789792, 8
1619607380.802936, 7
1619607380.816849, 4
1619607380.831358, 1
1619607380.845545, 3
1619607380.859535, 2
1619607380.873243, 3
1619607380.886730, 4
1619607380.900795, 4
1619607380.914563, 4
1619607380.928143, 4
1619607380.942681, 5
1619607380.957191, 5
1619607380.971733, 4
1619607380.985178, 5
1619607380.999271, 6
1619607381.013457, 5
1619607381.027309, 6
1619607381.042270, 7
1619607381.055540, 6
1619607381.069548, 7
1619607381.083719, 7
1619607381.098112, 6
1619607381.111738, 6
1619607381.125503, 8
1619607381.139896, 7
1619607381.152962, 9
1619607381.167028, 8
1619607381.180977, 9
1619607381.194504, 9
1619607381.207637, 8
1619607381.221001, 9
1619607381.234492, 8
1619607381.247929, 9
1619607381.261797, 10
1619607381.275548, 9
1619607381.289888, 10
1619607381.303630, 10
1619607381.317202, 9
1619607381.331737, 10
1619607381.345765, 9
1619607381.359341, 8
1619607381.372729, 7
1619607381.386684, 3
1619607381.400746, 2
1619607381.413556, 3
1619607381.426642, 2
1619607381.440346, 3
1619607381.454075, 3
1619607381.467828, 4
1619607381.481838, 3
1619607381.495356, 4
1619607381.509677, 5
1619607381.524511, 5
1619607381.538544, 5
1619607381.552568, 5
1619607381.566278, 6
1619607381.580095, 5
1619607381.594651, 6
1619607381.609111, 6
1619607381.622901, 6
1619607381.637926, 6
1619607381.652335, 7
1619607381.665868, 7
1619607381.680070, 7
1619607381.693565, 8
1619607381.707079, 8
1619607381.721081, 8
1619607381.734670, 7
1619607381.748527, 7
1619607381.762114, 8
1619607381.776084, 8
1619607381.790080, 9
1619607381.803973, 10
1619607381.817974, 9
1619607381.831305, 9
1619607381.844691, 9
1619607381.857309, 9
1619607381.870325, 10
1619607381.882996, 9
1619607381.897565, 8
1619607381.911692, 8
1619607381.925612, 6
1619607381.939666, 3
1619607381.953430, 2
1619607381.967073, 2
1619607381.981097, 2
1619607381.994613, 3
1619607382.009349, 3
1619607382.023314, 2
1619607382.036819, 4
1619607382.049979, 3
1619607382.063531, 3
1619607382.077031, 3
1619607382.090609, 6
1619607382.103858, 5
1619607382.116961, 5
1619607382.130364, 4
1619607382.143394, 5
1619607382.157416, 5
1619607382.171610, 6
1619607382.185167, 6
1619607382.199168, 7
1619607382.213638, 6
1619607382.227200, 7
1619607382.240205, 7
1619607382.253672, 7
1619607382.266824, 7
1619607382.281238, 7
1619607382.294659, 7
1619607382.308435, 8
1619607382.322152, 8
1619607382.335673, 8
1619607382.349111, 8
1619607382.362141, 9
1619607382.375947, 9
1619607382.389679, 9
1619607382.404167, 9
1619607382.417659, 10
1619607382.431937, 9
1619607382.446222, 9
1619607382.460795, 9
1619607382.475307, 10
1619607382.488798, 9
1619607382.502255, 9
1619607382.515359, 9
1619607382.528810, 6
1619607382.541749, 2
1619607382.555388, 2
1619607382.569878, 3
1619607382.584332, 3
1619607382.598293, 2
1619607382.611775, 3
1619607382.625394, 3
1619607382.638313, 5
1619607382.651554, 4
1619607382.665157, 5
1619607382.679393, 4
1619607382.693084, 6
1619607382.706608, 5
1619607382.720646, 5
1619607382.734652, 5
1619607382.748797, 6
1619607382.762501, 6
1619607382.776082, 6
1619607382.790115, 7
1619607382.804569, 8
1619607382.819538, 7
1619607382.833228, 8
1619607382.847261, 7
1619607382.861717, 7
1619607382.875686, 8
1619607382.888996, 7
1619607382.903540, 8
1619607382.918105, 7
1619607382.931186, 9
1619607382.945829, 8
1619607382.960684, 9
1619607382.975011, 8
1619607382.990173, 8
1619607383.004575, 9
1619607383.018732, 10
1619607383.033670, 9
1619607383.047963, 9
1619607383.062316, 8
1619607383.076078, 8
1619607383.089758, 3
1619607383.103248, 2
1619607383.117202, 2
1619607383.130204, 2
1619607383.144318, 3
1619607383.157822, 3
1619607383.171841, 2
1619607383.186309, 3
1619607383.200356, 3
1619607383.214797, 4
1619607383.228839, 3
1619607383.242362, 5
1619607383.257040, 4
1619607383.270991, 4
1619607383.285975, 4
1619607383.300132, 6
1619607383.313945, 5
1619607383.328881, 5
1619607383.341887, 6
1619607383.355814, 6
1619607383.369744, 6
1619607383.384745, 6
1619607383.398640, 6
1619607383.413575, 7
1619607383.427622, 6
1619607383.442211, 8
1619607383.456243, 8
1619607383.471124, 9
1619607383.485124, 7
1619607383.499044, 8
1619607383.513035, 8
1619607383.527039, 9
1619607383.541004, 9
1619607383.556205, 8
1619607383.570928, 9
1619607383.584808, 9
1619607383.599998, 9
1619607383.614129, 10
1619607383.628062, 8
1619607383.642990, 10
1619607383.656870, 7
1619607383.669865, 7
1619607383.683949, 2
1619607383.698758, 2
1619607383.712160, 2
1619607383.725650, 3
1619607383.739721, 3
1619607383.753562, 2
1619607383.766537, 3
1619607383.780482, 3
1619607383.793432, 3
1619607383.806423, 4
1619607383.819452, 5
1619607383.832373, 4
1619607383.846338, 4
1619607383.860428, 4
1619607383.874183, 5
1619607383.888217, 5
1619607383.902086, 6
1619607383.916203, 5
1619607383.930035, 6
1619607383.944061, 5
1619607383.959005, 6
1619607383.973919, 6
1619607383.988095, 6
1619607384.001856, 7
1619607384.014906, 8
1619607384.028776, 8
1619607384.042994, 8
1619607384.057931, 8
1619607384.072801, 8
1619607384.086785, 8
1619607384.100849, 9
1619607384.115054, 9
1619607384.129000, 9
1619607384.142956, 10
1619607384.156941, 9
1619607384.170914, 8
1619607384.185931, 8
1619607384.199941, 7
1619607384.214776, 4
1619607384.229708, 4
1619607384.243716, 1
1619607384.258220, 1
1619607384.272947, 2
1619607384.286447, 2
1619607384.299729, 2
1619607384.313353, 2
1619607384.328126, 3
1619607384.342335, 4
1619607384.356371, 5
1619607384.369850, 4
1619607384.382923, 4
1619607384.397099, 5
1619607384.410517, 5
1619607384.423606, 5
1619607384.436778, 4
1619607384.449630, 6
1619607384.462723, 5
1619607384.475785, 6
1619607384.489381, 5
1619607384.503044, 7
1619607384.516962, 6
1619607384.530469, 7
1619607384.544782, 7
1619607384.558605, 8
1619607384.572872, 7
1619607384.586498, 7
1619607384.601122, 7
1619607384.614424, 8
1619607384.628151, 8
1619607384.642239, 8
1619607384.656382, 8
1619607384.670629, 9
1619607384.684256, 10
1619607384.698428, 9
1619607384.712221, 8
1619607384.726469, 7
1619607384.740793, 8
1619607384.754414, 2
1619607384.768298, 2
1619607384.782594, 2
1619607384.796263, 2
1619607384.809569, 3
1619607384.823762, 3
1619607384.837272, 2
1619607384.851883, 4
1619607384.866042, 3
1619607384.880605, 3
1619607384.895519, 3
1619607384.909320, 4
1619607384.923029, 3
1619607384.936411, 5
1619607384.949957, 6
1619607384.964221, 5
1619607384.977821, 5
1619607384.992744, 5
1619607385.006847, 6
1619607385.021394, 6
1619607385.035637, 7
1619607385.050101, 7
1619607385.064999, 6
1619607385.078282, 7
1619607385.092387, 9
1619607385.105794, 7
1619607385.120024, 9
1619607385.133646, 9
1619607385.148088, 7
1619607385.162439, 8
1619607385.176030, 8
1619607385.189268, 10
1619607385.202993, 8
1619607385.215942, 8
1619607385.229207, 9
1619607385.242921, 7
1619607385.256937, 8
1619607385.270589, 9
1619607385.284210, 6
1619607385.297279, 4
1619607385.310925, 2
1619607385.324509, 2
1619607385.337912, 1
1619607385.352028, 4
1619607385.365077, 3
1619607385.379562, 3
1619607385.392840, 2
1619607385.406479, 3
1619607385.422117, 3
1619607385.435131, 4
1619607385.448454, 4
1619607385.461404, 5
1619607385.474893, 5
1619607385.488506, 6
1619607385.502085, 5
1619607385.515720, 6
1619607385.528735, 6
1619607385.541468, 5
1619607385.554935, 7
1619607385.568246, 6
1619607385.580910, 5
1619607385.594786, 6
1619607385.609219, 7
1619607385.623443, 8
1619607385.637114, 7
1619607385.651005, 8
1619607385.665128, 7
1619607385.679466, 9
1619607385.693788, 8
1619607385.707489, 9
1619607385.721711, 10
1619607385.735882, 9
1619607385.749673, 10
1619607385.763382, 10
1619607385.776889, 9
1619607385.791451, 8
1619607385.804317, 7
1619607385.818574, 5
1619607385.832243, 2
1619607385.845646, 2
1619607385.860329, 3
1619607385.873911, 1
1619607385.887127, 3
1619607385.899938, 3
1619607385.912943, 4
1619607385.926027, 3
1619607385.939712, 3
1619607385.952827, 3
1619607385.966533, 4
1619607385.979487, 4
1619607385.993659, 4
1619607386.007025, 5
1619607386.020326, 6
1619607386.034009, 5
1619607386.047508, 5
1619607386.061563, 7
1619607386.075885, 7
1619607386.089840, 6
1619607386.103541, 7
1619607386.118488, 8
1619607386.131785, 7
1619607386.145975, 6
1619607386.159063, 8
1619607386.173833, 8
1619607386.188160, 8
1619607386.201307, 8
1619607386.214955, 9
1619607386.229193, 8
1619607386.242820, 8
1619607386.256139, 9
1619607386.269482, 9
1619607386.282968, 9
1619607386.296216, 8
1619607386.309720, 9
1619607386.322088, 8
1619607386.336394, 8
1619607386.349958, 7
1619607386.363623, 2
1619607386.377337, 2
1619607386.390986, 3
1619607386.404857, 1
1619607386.417554, 3
1619607386.432461, 3
1619607386.446157, 3
1619607386.459413, 3
1619607386.473018, 3
1619607386.486676, 3
1619607386.500545, 4
1619607386.514261, 5
1619607386.527738, 5
1619607386.541420, 6
1619607386.555812, 4
1619607386.569252, 5
1619607386.582353, 6
1619607386.597076, 5
1619607386.610310, 6
1619607386.623857, 7
1619607386.638567, 5
1619607386.652173, 7
1619607386.666352, 8
1619607386.679972, 7
1619607386.693352, 8
1619607386.706528, 9
1619607386.719914, 8
1619607386.733006, 7
1619607386.747893, 7
1619607386.760790, 8
1619607386.774476, 8
1619607386.788725, 8
1619607386.802719, 9
1619607386.816978, 8
1619607386.830563, 9
1619607386.844163, 9
1619607386.858206, 7
1619607386.872041, 8
1619607386.885041, 7
1619607386.898706, 2
1619607386.911943, 2
1619607386.925834, 2
1619607386.939555, 2
1619607386.953765, 2
1619607386.968515, 3
1619607386.982867, 3
1619607386.996833, 3
1619607387.009621, 4
1619607387.023262, 4
1619607387.037037, 3
1619607387.050617, 4
1619607387.064840, 4
1619607387.078812, 5
1619607387.092175, 4
1619607387.105193, 5
1619607387.118561, 6
1619607387.132418, 6
1619607387.145680, 5
1619607387.158716, 5
1619607387.172827, 7
1619607387.187385, 6
1619607387.201867, 6
1619607387.215784, 7
1619607387.229424, 9
1619607387.243031, 7
1619607387.256079, 8
1619607387.269029, 7
1619607387.282816, 8
1619607387.297542, 8
1619607387.311210, 8
1619607387.325066, 9
1619607387.338958, 9
1619607387.352547, 9
1619607387.366107, 9
1619607387.379795, 9
1619607387.393479, 9
1619607387.407578, 8
1619607387.420912, 9
1619607387.433999, 4
1619607387.447439, 3
1619607387.460169, 2
1619607387.473660, 2
1619607387.487264, 3
1619607387.502408, 2
1619607387.515987, 4
1619607387.530103, 3
1619607387.543939, 3
1619607387.558202, 4
1619607387.572952, 4
1619607387.586547, 4
1619607387.600643, 4
1619607387.613938, 5
1619607387.628148, 6
1619607387.642536, 4
1619607387.656772, 6
1619607387.672684, 6
1619607387.685717, 6
1619607387.700402, 6
1619607387.713923, 6
1619607387.727363, 7
1619607387.741487, 6
1619607387.755476, 6
1619607387.768942, 8
1619607387.782617, 7
1619607387.796776, 8
1619607387.809846, 8
1619607387.823817, 9
1619607387.838149, 8
1619607387.851425, 8
1619607387.864854, 8
1619607387.878100, 10
1619607387.892903, 9
1619607387.906253, 9
1619607387.921037, 9
1619607387.935260, 8
1619607387.948868, 9
1619607387.961858, 7
1619607387.974877, 1
1619607387.987875, 2
1619607388.001006, 3
1619607388.014402, 1
1619607388.027436, 4
1619607388.041002, 4
1619607388.055282, 3
1619607388.070170, 3
1619607388.083830, 4
1619607388.098258, 3
1619607388.111852, 3
1619607388.126118, 4
1619607388.139433, 3
1619607388.154025, 5
1619607388.167510, 6
1619607388.182294, 5
1619607388.196581, 5
1619607388.211717, 5
1619607388.225234, 7
1619607388.239552, 6
1619607388.253292, 7
1619607388.267773, 7
1619607388.281828, 7
1619607388.295497, 7
1619607388.308402, 9
1619607388.321415, 7
1619607388.335021, 9
1619607388.348747, 8
1619607388.362377, 8
1619607388.376566, 8
1619607388.390603, 8
1619607388.403922, 9
1619607388.417358, 9
1619607388.431525, 8
1619607388.446846, 10
1619607388.460395, 9
1619607388.474002, 9
1619607388.487862, 8
1619607388.502082, 7
1619607388.515729, 1
1619607388.528748, 2
1619607388.542090, 2
1619607388.556439, 2
1619607388.570635, 4
1619607388.584860, 4
1619607388.598434, 2
1619607388.612123, 3
1619607388.626792, 4
1619607388.640563, 4
1619607388.654197, 3
1619607388.668351, 4
1619607388.681988, 5
1619607388.695784, 4
1619607388.709781, 6
1619607388.723969, 5
1619607388.739346, 6
1619607388.753508, 6
1619607388.766619, 5
1619607388.780823, 7
1619607388.794623, 6
1619607388.808522, 6
1619607388.822005, 7
1619607388.836998, 7
1619607388.850060, 9
1619607388.864282, 8
1619607388.878460, 9
1619607388.892879, 8
1619607388.906370, 8
1619607388.920573, 8
1619607388.934806, 8
1619607388.948725, 9
1619607388.962815, 9
1619607388.977673, 9
1619607388.991870, 9
1619607389.005552, 8
1619607389.019258, 8
1619607389.033587, 8
1619607389.047767, 4
1619607389.061015, 3
1619607389.074422, 3
1619607389.088863, 3
1619607389.102159, 3
1619607389.115077, 3
1619607389.128076, 3
1619607389.141151, 3
1619607389.154261, 2
1619607389.167618, 3
1619607389.181655, 3
1619607389.194565, 4
1619607389.207555, 4
1619607389.220595, 5
1619607389.234208, 5
1619607389.247909, 6
1619607389.261619, 5
1619607389.275247, 6
1619607389.288871, 6
1619607389.302829, 6
1619607389.316638, 6
1619607389.330276, 6
1619607389.343903, 5
1619607389.357246, 7
1619607389.371596, 8
1619607389.385430, 8
1619607389.399552, 8
1619607389.413506, 7
1619607389.427340, 7
1619607389.440581, 8
1619607389.454260, 8
1619607389.467849, 8
1619607389.481139, 10
1619607389.494707, 9
1619607389.507757, 9
1619607389.520826, 9
1619607389.536002, 10
1619607389.549732, 9
1619607389.563875, 9
1619607389.578007, 8
1619607389.592026, 5
1619607389.605610, 2
1619607389.619550, 1
1619607389.632707, 1
1619607389.646572, 3
1619607389.660093, 2
1619607389.673243, 3
1619607389.687068, 3
1619607389.700711, 3
1619607389.714167, 4
1619607389.727293, 4
1619607389.740155, 3
1619607389.753658, 4
1619607389.766673, 5
1619607389.779828, 6
1619607389.792832, 6
1619607389.806381, 6
1619607389.820381, 6
1619607389.834015, 6
1619607389.848199, 6
1619607389.861308, 6
1619607389.875412, 7
1619607389.888593, 7
1619607389.902197, 7
1619607389.915877, 7
1619607389.930644, 9
1619607389.944267, 7
1619607389.957248, 8
1619607389.970870, 7
1619607389.984445, 8
1619607389.997454, 8
1619607390.011152, 8
1619607390.024019, 8
1619607390.037686, 9
1619607390.051564, 9
1619607390.065400, 9
1619607390.078998, 8
1619607390.093581, 9
1619607390.106912, 8
1619607390.120738, 2
1619607390.134368, 3
1619607390.147957, 3
1619607390.161606, 1
1619607390.176291, 3
1619607390.189319, 2
1619607390.202351, 3
1619607390.215456, 2
1619607390.230104, 3
1619607390.244351, 3
1619607390.257893, 4
1619607390.271505, 5
1619607390.285699, 4
1619607390.299302, 4
1619607390.312956, 4
1619607390.327731, 6
1619607390.341253, 5
1619607390.354259, 5
1619607390.367658, 6
1619607390.380842, 6
1619607390.393858, 6
1619607390.407497, 6
1619607390.420908, 6
1619607390.434422, 8
1619607390.447725, 7
1619607390.462067, 8
1619607390.475692, 8
1619607390.490458, 8
1619607390.504657, 8
1619607390.518258, 7
1619607390.531908, 8
1619607390.546020, 9
1619607390.560221, 9
1619607390.574650, 9
1619607390.588771, 10
1619607390.602448, 9
1619607390.617232, 10
1619607390.631530, 9
1619607390.644997, 10
1619607390.659207, 10
1619607390.672198, 9
1619607390.685824, 10
1619607390.699570, 9
1619607390.713624, 5
1619607390.727211, 3
1619607390.740981, 2
1619607390.754556, 2
1619607390.767822, 4
1619607390.781563, 3
1619607390.795914, 4
1619607390.808931, 3
1619607390.822524, 5
1619607390.836257, 4
1619607390.850329, 5
1619607390.864517, 5
1619607390.878732, 5
1619607390.892363, 5
1619607390.906539, 6
1619607390.920127, 6
1619607390.933680, 6
1619607390.948490, 6
1619607390.962618, 6
1619607390.976239, 7
1619607390.989858, 7
1619607391.003454, 7
1619607391.017692, 8
1619607391.031877, 7
1619607391.045427, 8
1619607391.060265, 8
1619607391.073846, 7
1619607391.088054, 9
1619607391.101658, 9
1619607391.115846, 8
1619607391.128796, 9
1619607391.141610, 10
1619607391.155553, 9
1619607391.168426, 9
1619607391.182086, 10
1619607391.196267, 10
1619607391.209795, 9
1619607391.223507, 10
1619607391.237599, 9
1619607391.251239, 10
1619607391.264786, 9
1619607391.278364, 9
1619607391.291414, 9
1619607391.304705, 5
1619607391.319105, 2
1619607391.332245, 1
1619607391.345815, 3
1619607391.360041, 2
1619607391.374195, 3
1619607391.387821, 3
1619607391.400867, 4
1619607391.414380, 3
1619607391.427483, 5
1619607391.441616, 4
1619607391.455795, 5
1619607391.469368, 6
1619607391.483650, 5
1619607391.496595, 6
1619607391.511428, 6
1619607391.525575, 7
1619607391.539757, 6
1619607391.553353, 7
1619607391.567513, 6
1619607391.582303, 7
1619607391.596512, 7
1619607391.610769, 7
1619607391.624978, 7
1619607391.638568, 8
1619607391.652675, 8
1619607391.666309, 7
1619607391.681088, 8
1619607391.694076, 8
1619607391.708842, 8
1619607391.723113, 9
1619607391.736656, 8
1619607391.750279, 10
1619607391.763872, 8
1619607391.777424, 10
1619607391.791630, 10
1619607391.805794, 10
1619607391.820593, 10
1619607391.834200, 9
1619607391.847834, 9
1619607391.861414, 6
1619607391.876260, 3
1619607391.890999, 1
1619607391.905181, 3
1619607391.918727, 3
1619607391.933007, 2
1619607391.946688, 2
1619607391.960841, 2
1619607391.975085, 3
1619607391.989251, 4
1619607392.003495, 3
1619607392.017625, 4
1619607392.032028, 4
1619607392.046033, 5
1619607392.060806, 5
1619607392.075272, 5
1619607392.089808, 5
1619607392.104340, 6
1619607392.118172, 6
1619607392.132001, 6
1619607392.146190, 8
1619607392.159248, 6
1619607392.172815, 7
1619607392.185857, 7
1619607392.199454, 7
1619607392.213618, 7
1619607392.227892, 8
1619607392.241463, 9
1619607392.255641, 8
1619607392.269201, 8
1619607392.282816, 8
1619607392.296953, 9
1619607392.310077, 10
1619607392.322824, 9
1619607392.336080, 9
1619607392.349198, 9
1619607392.361856, 9
1619607392.375953, 10
1619607392.389987, 9
1619607392.404151, 9
1619607392.417688, 10
1619607392.431316, 9
1619607392.445285, 9
1619607392.458761, 9
1619607392.472401, 3
1619607392.486934, 2
1619607392.500922, 1
1619607392.514372, 2
1619607392.527393, 3
1619607392.540383, 3
1619607392.554286, 3
1619607392.568112, 2
1619607392.581335, 4
1619607392.594298, 4
1619607392.607062, 4
1619607392.620400, 5
1619607392.633329, 5
1619607392.647057, 5
1619607392.661806, 5
1619607392.675584, 5
1619607392.689144, 6
1619607392.702369, 5
1619607392.715831, 7
1619607392.730504, 7
1619607392.745341, 8
1619607392.759229, 6
1619607392.772877, 8
1619607392.787018, 7
1619607392.800677, 8
1619607392.814427, 8
1619607392.829376, 8
1619607392.843345, 8
1619607392.857767, 8
1619607392.870839, 8
1619607392.884463, 9
1619607392.897557, 9
1619607392.911094, 9