1619607911.102713, 0
1619607911.118217, 0
1619607911.132244, 2
1619607911.147263, 0
1619607911.161192, 3
1619607911.175201, 0
1619607911.189240, 7
1619607911.203259, 6
1619607911.218201, 12
1619607911.232208, 16
1619607911.246204, 18
1619607911.260292, 21
1619607911.274205, 24
1619607911.288282, 28
1619607911.302191, 32
1619607911.315197, 37
1619607911.328602, 38
1619607911.341548, 42
1619607911.356265, 46
1619607911.370262, 51
1619607911.384300, 55
1619607911.398317, 59
1619607911.413228, 64
1619607911.426393, 68
1619607911.440272, 71
1619607911.453199, 74
1619607911.466787, 80
1619607911.479985, 82
1619607911.493416, 86
1619607911.507322, 92
1619607911.521276, 95
1619607911.535311, 99
1619607911.550216, 104
1619607911.563344, 108
1619607911.578267, 114
1619607911.592280, 116
1619607911.606085, 120
1619607911.619689, 123
1619607911.633340, 127
1619607911.647487, 131
1619607911.661370, 137
1619607911.675495, 139
1619607911.689444, 144
1619607911.702504, 148
1619607911.716417, 149
1619607911.730433, 150
1619607911.745065, 149
1619607911.759499, 149
1619607911.772609, 150
1619607911.786666, 150
1619607911.800654, 149
1619607911.814636, 150
1619607911.828727, 149
1619607911.842666, 148
1619607911.856668, 150
1619607911.871542, 149
1619607911.886416, 149
1619607911.901446, 150
1619607911.915449, 149
1619607911.930319, 150
1619607911.944983, 149
1619607911.959016, 150
1619607911.972080, 149
1619607911.986068, 149
1619607912.000171, 149
1619607912.013249, 149
1619607912.027341, 150
1619607912.042341, 149
1619607912.056283, 149
1619607912.070192, 150
1619607912.084339, 150
1619607912.099555, 150
1619607912.114315, 150
1619607912.128320, 150
1619607912.142412, 150
1619607912.156625, 150
1619607912.170359, 148
1619607912.185315, 149
1619607912.198284, 150
1619607912.211347, 149
1619607912.226304, 149
1619607912.240319, 149
1619607912.254500, 150
1619607912.268527, 150
1619607912.282891, 149
1619607912.296094, 149
1619607912.310059, 149
1619607912.324783, 149
1619607912.338065, 150
1619607912.351894, 148
1619607912.366285, 148
1619607912.380608, 148
1619607912.395489, 149
1619607912.409481, 149
1619607912.423515, 149
1619607912.438355, 150
1619607912.453173, 149
1619607912.467297, 149
1619607912.481280, 149
1619607912.495445, 149
1619607912.510253, 149
1619607912.524436, 150
1619607912.538444, 149
1619607912.551819, 148
1619607912.565958, 148
1619607912.580159, 149
1619607912.594492, 149
1619607912.609229, 150
1619607912.623072, 149
1619607912.637791, 150
1619607912.651698, 150
1619607912.664886, 149
1619607912.678211, 149
1619607912.693248, 150
1619607912.707656, 150
1619607912.721646, 150
1619607912.735893, 150
1619607912.749098, 150
1619607912.763110, 149
1619607912.777398, 148
1619607912.791879, 148
1619607912.805642, 149
1619607912.819910, 150
1619607912.834317, 149
1619607912.848392, 148
1619607912.863210, 147
1619607912.877257, 146
1619607912.891249, 148
1619607912.904561, 149
1619607912.919458, 149
1619607912.933365, 150
1619607912.947940, 148
1619607912.961438, 149
1619607912.976357, 149
1619607912.991650, 149
1619607913.004702, 150
1619607913.018681, 150
1619607913.032009, 149
1619607913.046198, 149
1619607913.059413, 147
1619607913.074070, 148
1619607913.087548, 150
1619607913.101404, 149
1619607913.116193, 150
1619607913.130213, 146
1619607913.144230, 148
1619607913.157563, 149
1619607913.171803, 150
1619607913.185237, 149
1619607913.198487, 149
1619607913.211807, 148
1619607913.224876, 149
1619607913.238252, 148
1619607913.252278, 149
1619607913.266254, 147
1619607913.279671, 150
1619607913.293664, 146
1619607913.306653, 149
1619607913.321262, 150
1619607913.335934, 148
1619607913.349961, 148
1619607913.364553, 149
1619607913.378428, 146
1619607913.392980, 146
1619607913.407543, 149
1619607913.421829, 149
1619607913.435047, 147
1619607913.449496, 146
1619607913.464153, 145
1619607913.478343, 147
1619607913.492263, 146
1619607913.506218, 150
1619607913.520716, 148
1619607913.535399, 147
1619607913.549442, 147
1619607913.563867, 145
1619607913.577786, 148
1619607913.592115, 146
1619607913.606449, 146
1619607913.620257, 147
1619607913.634282, 149
1619607913.648310, 147
1619607913.661599, 146
1619607913.675618, 148
1619607913.689490, 147
1619607913.702856, 146
1619607913.716039, 146
1619607913.730089, 148
1619607913.744050, 148
1619607913.757355, 147
1619607913.770647, 149
1619607913.784039, 146
1619607913.796923, 149
1619607913.810472, 145
1619607913.824637, 146
1619607913.838566, 145
1619607913.852921, 148
1619607913.866939, 147
1619607913.880810, 148
1619607913.895466, 148
1619607913.908984, 148
1619607913.922946, 146
1619607913.937634, 144
1619607913.951151, 147
1619607913.964944, 149
1619607913.978903, 146
1619607913.992893, 149
1619607914.006135, 147
1619607914.020113, 149
1619607914.034039, 146
1619607914.047910, 146
1619607914.061190, 146
1619607914.075150, 150
1619607914.089616, 148
1619607914.103550, 145
1619607914.117328, 146
1619607914.130680, 146
1619607914.144528, 141
1619607914.158562, 137
1619607914.173104, 133
1619607914.186397, 131
1619607914.199675, 126
1619607914.213621, 123
1619607914.227598, 117
1619607914.241745, 114
1619607914.255713, 108
1619607914.269873, 102
1619607914.283690, 97
1619607914.297413, 95
1619607914.310547, 93
1619607914.323487, 95
1619607914.337694, 96
1619607914.350784, 96
1619607914.364511, 96
1619607914.378218, 96
1619607914.391903, 96
1619607914.406018, 95
1619607914.420715, 96
1619607914.434423, 95
1619607914.448233, 96
1619607914.461120, 98
1619607914.475132, 96
1619607914.488961, 95
1619607914.503317, 92
1619607914.516360, 91
1619607914.529478, 88
1619607914.543232, 85
1619607914.557531, 82
1619607914.571429, 77
1619607914.584525, 77
1619607914.598951, 74
1619607914.613244, 73
1619607914.626982, 72
1619607914.641284, 72
1619607914.655608, 71
1619607914.669923, 70
1619607914.683007, 69
1619607914.696436, 68
1619607914.709372, 66
1619607914.722801, 69
1619607914.737102, 68
1619607914.750278, 69
1619607914.764019, 68
1619607914.779077, 67
1619607914.793378, 67
1619607914.807947, 66
1619607914.822351, 67
1619607914.836626, 65
1619607914.851501, 65
1619607914.864972, 63
1619607914.878966, 64
1619607914.893089, 64
1619607914.907812, 63
1619607914.921639, 64
1619607914.934754, 64
1619607914.948059, 62
1619607914.962309, 62
1619607914.976024, 62
1619607914.990367, 63
1619607915.003508, 61
1619607915.016692, 64
1619607915.029830, 63
1619607915.044249, 62
1619607915.057914, 62
1619607915.072348, 63
1619607915.086708, 63
1619607915.100393, 63
1619607915.114116, 62
1619607915.127285, 62
1619607915.141600, 60
1619607915.155457, 63
1619607915.169135, 63
1619607915.182339, 63
1619607915.195483, 63
1619607915.208658, 62
1619607915.221841, 61
1619607915.235238, 62
1619607915.248863, 62
1619607915.261847, 61
1619607915.276235, 62
1619607915.289249, 62
1619607915.303530, 62
1619607915.316951, 61
1619607915.330869, 62
1619607915.345392, 62
1619607915.359748, 61
1619607915.373288, 61
1619607915.386291, 61
1619607915.400335, 61
1619607915.414003, 59
1619607915.427842, 61
1619607915.441191, 61
1619607915.455360, 62
1619607915.468997, 60
1619607915.482053, 62
1619607915.496084, 61
1619607915.509662, 61
1619607915.523757, 62
1619607915.537599, 62
1619607915.551516, 61
1619607915.565100, 61
1619607915.579099, 63
1619607915.593089, 62
1619607915.607156, 61
1619607915.621148, 61
1619607915.635147, 61
1619607915.648916, 62
1619607915.662562, 61
1619607915.677015, 61
1619607915.690103, 61
1619607915.704233, 61
1619607915.718140, 61
1619607915.731893, 61
1619607915.745223, 61
1619607915.760271, 60
1619607915.773681, 59
1619607915.787731, 59
1619607915.801602, 59
1619607915.815729, 60
1619607915.829139, 60
1619607915.843224, 59
1619607915.856234, 60
1619607915.869661, 60
1619607915.883760, 62
1619607915.897143, 61
1619607915.910725, 61
1619607915.924190, 61
1619607915.937672, 60
1619607915.951688, 61
1619607915.964669, 61
1619607915.978187, 61
1619607915.992657, 60
1619607916.006220, 61
1619607916.020938, 61
1619607916.034255, 62
1619607916.048822, 60
1619607916.062891, 61
1619607916.077083, 61
1619607916.091250, 61
1619607916.104968, 62
1619607916.118829, 60
1619607916.131845, 60
1619607916.144798, 60
1619607916.157903, 61
1619607916.171026, 61
1619607916.184100, 61
1619607916.197567, 62
1619607916.212059, 63
1619607916.226250, 61
1619607916.240034, 62
1619607916.253163, 62
1619607916.266014, 61
1619607916.279813, 61
1619607916.293153, 61
1619607916.306662, 62
1619607916.320151, 62
1619607916.333220, 63
1619607916.346493, 62
1619607916.359397, 63
1619607916.372634, 62
1619607916.386104, 62
1619607916.399759, 62
1619607916.413641, 62
1619607916.428042, 62
1619607916.441516, 62
1619607916.455676, 62
1619607916.469733, 63
1619607916.483856, 64
1619607916.497395, 65
1619607916.510495, 63
1619607916.524028, 64
1619607916.537474, 63
1619607916.550361, 64
1619607916.564067, 64
1619607916.577995, 63
1619607916.590946, 63
1619607916.605130, 63
1619607916.619330, 64
1619607916.632614, 64
1619607916.646695, 65
1619607916.660154, 63
1619607916.673751, 63
1619607916.687848, 63
1619607916.701228, 64
1619607916.715237, 65
1619607916.728747, 64
1619607916.742412, 64
1619607916.756459, 64
1619607916.770277, 65
1619607916.783920, 65
1619607916.797484, 67
1619607916.811290, 66
1619607916.824398, 65
1619607916.837415, 65
1619607916.851157, 65
1619607916.864122, 65
1619607916.877266, 64
1619607916.890731, 64
1619607916.904783, 65
1619607916.918322, 65
1619607916.932243, 65
1619607916.945110, 66
1619607916.958653, 67
1619607916.972774, 66
1619607916.987305, 65
1619607917.002707, 65
1619607917.017210, 65
1619607917.030145, 66
1619607917.043823, 65
1619607917.057156, 65
1619607917.070748, 65
1619607917.084462, 66
1619607917.098095, 66
1619607917.112252, 66
1619607917.125243, 67
1619607917.138730, 65
1619607917.151744, 66
1619607917.165233, 66
1619607917.178272, 65
1619607917.191583, 65
1619607917.205533, 66
1619607917.219339, 65
1619607917.234103, 65
1619607917.247496, 66
1619607917.261209, 65
1619607917.274581, 65
1619607917.287846, 66
1619607917.301993, 65
1619607917.316104, 66
1619607917.330064, 66
1619607917.344177, 65
1619607917.358178, 65
1619607917.371915, 66
1619607917.385184, 66
1619607917.398734, 66
1619607917.411759, 66
1619607917.425277, 66
1619607917.438851, 66
1619607917.451801, 65
1619607917.464412, 64
1619607917.477887, 65
1619607917.491250, 64
1619607917.504862, 64
1619607917.518916, 65
1619607917.532948, 65
1619607917.547055, 65
1619607917.560952, 66
1619607917.574385, 66
1619607917.588394, 66
1619607917.602846, 67
1619607917.617089, 65
1619607917.630536, 65
1619607917.644505, 65
1619607917.658016, 65
1619607917.672099, 65
1619607917.686109, 66
1619607917.700763, 66
1619607917.714827, 67
1619607917.728700, 67
1619607917.741900, 68
1619607917.755407, 67
1619607917.768182, 67
1619607917.781466, 66
1619607917.794747, 67
1619607917.808245, 66
1619607917.822070, 66
1619607917.836274, 66
1619607917.850283, 67
1619607917.864731, 67
1619607917.879309, 66
1619607917.894327, 66
1619607917.908451, 67
1619607917.921907, 66
1619607917.936419, 66
1619607917.950738, 65
1619607917.965222, 65
1619607917.978922, 63
1619607917.993330, 63
1619607918.006762, 62
1619607918.021146, 62
1619607918.034723, 60
1619607918.048432, 63
1619607918.061763, 62
1619607918.076342, 62
1619607918.089838, 62
1619607918.103650, 63
1619607918.117845, 63
1619607918.131801, 62
1619607918.145173, 62
1619607918.158149, 62
1619607918.172646, 62
1619607918.186631, 62
1619607918.200636, 62
1619607918.214638, 63
1619607918.228407, 63
1619607918.241074, 62
1619607918.253665, 62
1619607918.266916, 62
1619607918.281654, 63
1619607918.294791, 62
1619607918.309070, 63
1619607918.322687, 62
1619607918.336132, 63
1619607918.349588, 63
1619607918.364057, 62
1619607918.377346, 64
1619607918.391829, 63
1619607918.405411, 63
1619607918.418573, 62
1619607918.433802, 64
1619607918.448333, 63
1619607918.461717, 63
1619607918.476658, 63
1619607918.489959, 64
1619607918.504840, 63
1619607918.518904, 63
1619607918.533162, 64
1619607918.547572, 64
1619607918.560573, 64
1619607918.574417, 64
1619607918.588234, 64
1619607918.602244, 64
1619607918.617638, 64
1619607918.631631, 63
1619607918.645632, 64
1619607918.659377, 64
1619607918.673048, 65
1619607918.686672, 64
1619607918.700949, 64
1619607918.714010, 65
1619607918.728110, 65
1619607918.742322, 64
1619607918.755874, 64
1619607918.769412, 64
1619607918.782424, 64
1619607918.795964, 64
1619607918.809977, 64
1619607918.824321, 63
1619607918.838259, 64
1619607918.852949, 63
1619607918.866875, 64
1619607918.880988, 65
1619607918.894066, 65
1619607918.908128, 64
1619607918.922074, 65
1619607918.937743, 65
1619607918.951080, 65
1619607918.964938, 65
1619607918.978463, 65
1619607918.993122, 66
1619607919.007823, 65
1619607919.021538, 65
1619607919.035828, 64
1619607919.049386, 66
1619607919.062811, 64
1619607919.077309, 65
1619607919.091200, 66
1619607919.104665, 65
1619607919.119406, 64
1619607919.133903, 65
1619607919.147647, 64
1619607919.162348, 64
1619607919.176759, 66
1619607919.190537, 65
1619607919.204541, 65
1619607919.218183, 65
1619607919.231762, 66
1619607919.245779, 66
1619607919.259566, 65
1619607919.272490, 65
1619607919.286056, 65
1619607919.299619, 65
1619607919.312326, 66
1619607919.325683, 65
1619607919.338843, 65
1619607919.352893, 65
1619607919.367012, 65
1619607919.382511, 66
1619607919.396957, 66
1619607919.410419, 66
1619607919.424493, 67
1619607919.438622, 66
1619607919.452578, 66
1619607919.466684, 66
1619607919.480259, 67
1619607919.494757, 67
1619607919.508726, 67
1619607919.522489, 67
1619607919.536046, 66
1619607919.550043, 66
1619607919.564532, 66
1619607919.579209, 67
1619607919.592579, 66
1619607919.606362, 66
1619607919.619943, 67
1619607919.634054, 67
1619607919.647637, 66
1619607919.661479, 67
1619607919.674928, 66
1619607919.688849, 67
1619607919.702005, 67
1619607919.715989, 67
1619607919.730115, 67
1619607919.744214, 67
1619607919.758217, 66
1619607919.771866, 67
1619607919.784940, 67
1619607919.797849, 68
1619607919.811334, 67
1619607919.824443, 68
1619607919.837737, 67
1619607919.851071, 67
1619607919.865219, 67
1619607919.879379, 67
1619607919.893160, 67
1619607919.906848, 67
1619607919.921276, 68
1619607919.935196, 66
1619607919.948763, 68
1619607919.962379, 67
1619607919.976286, 69
1619607919.989786, 68
1619607920.003213, 68
1619607920.017205, 67
1619607920.030246, 68
1619607920.043589, 67
1619607920.057412, 68
1619607920.070854, 67
1619607920.084919, 69
1619607920.098759, 68
1619607920.112183, 68
1619607920.125633, 69
1619607920.139173, 68
1619607920.152166, 67
1619607920.165167, 68
1619607920.179042, 69
1619607920.192969, 69
1619607920.206504, 69
1619607920.219297, 68
1619607920.232737, 69
1619607920.245717, 68
1619607920.258682, 67
1619607920.271802, 69
1619607920.285179, 68
1619607920.299333, 68
1619607920.313087, 68
1619607920.326775, 69
1619607920.339553, 68
1619607920.353029, 69
1619607920.366173, 69
1619607920.380126, 69
1619607920.393106, 69
1619607920.406512, 68
1619607920.420149, 69
1619607920.433244, 69
1619607920.445825, 70
1619607920.459914, 70
1619607920.473673, 69
1619607920.487904, 69
1619607920.501646, 69
1619607920.515699, 69
1619607920.530669, 70
1619607920.544599, 69
1619607920.559394, 69
1619607920.573542, 70
1619607920.587074, 69
1619607920.600964, 69
1619607920.615431, 69
1619607920.629866, 70
1619607920.643516, 70
1619607920.658141, 69
1619607920.671836, 70
1619607920.685325, 70
1619607920.699477, 70
1619607920.713653, 69
1619607920.728136, 70
1619607920.742127, 70
1619607920.757154, 70
1619607920.771644, 69
1619607920.786659, 69
1619607920.801087, 70
1619607920.814538, 70
1619607920.828131, 71
1619607920.841696, 70
1619607920.855685, 70
1619607920.869762, 70
1619607920.883809, 70
1619607920.898245, 70
1619607920.911776, 70
1619607920.925907, 71
1619607920.939531, 71
1619607920.953003, 70
1619607920.966585, 71
1619607920.980752, 70
1619607920.993933, 71
1619607921.007926, 72
1619607921.022049, 71
1619607921.035697, 71
1619607921.050101, 70
1619607921.063708, 71
1619607921.076855, 71
1619607921.090343, 71
1619607921.103187, 70
1619607921.116776, 71
1619607921.131431, 71
1619607921.144485, 71
1619607921.158177, 71
1619607921.172005, 70
1619607921.185511, 71
1619607921.199583, 71
1619607921.212596, 72
1619607921.226108, 71
1619607921.239651, 71
1619607921.252688, 72
1619607921.266739, 72
1619607921.280638, 71
1619607921.293664, 72
1619607921.306636, 72
1619607921.319589, 71
1619607921.332418, 72
1619607921.345114, 72
1619607921.358566, 71
1619607921.371546, 71
1619607921.385524, 72
1619607921.399845, 72
1619607921.413847, 72
1619607921.427484, 71
1619607921.441339, 71
1619607921.455637, 73
1619607921.468723, 72
1619607921.482347, 72
1619607921.495867, 72
1619607921.509372, 72
1619607921.524318, 72
1619607921.538384, 72
1619607921.552408, 72
1619607921.566617, 72
1619607921.580519, 72
1619607921.594608, 72
1619607921.608980, 72
1619607921.623680, 73
1619607921.637621, 72
1619607921.652311, 72
1619607921.665788, 71
1619607921.679803, 72
1619607921.693612, 73
1619607921.707142, 72
1619607921.721625, 71
1619607921.735780, 72
1619607921.749551, 73
1619607921.763101, 72
1619607921.777588, 73
1619607921.791164, 72
1619607921.805260, 73
1619607921.818388, 73
1619607921.832828, 73
1619607921.845962, 73
1619607921.859035, 73
1619607921.873442, 73
1619607921.887569, 74
1619607921.902140, 73
1619607921.915786, 72
1619607921.929302, 74
1619607921.942336, 75
1619607921.955909, 73
1619607921.968961, 74
1619607921.982276, 74
1619607921.995847, 73
1619607922.009229, 73
1619607922.023427, 73
1619607922.036952, 74
1619607922.051388, 74
1619607922.065319, 74
1619607922.079205, 74
1619607922.093343, 74
1619607922.106922, 74
1619607922.119863, 73
1619607922.133618, 73
1619607922.147835, 74
1619607922.161015, 74
1619607922.173554, 74
1619607922.187362, 74
1619607922.200616, 73
1619607922.213680, 74
1619607922.227723, 74
1619607922.241659, 74
1619607922.255958, 74
1619607922.269616, 73
1619607922.283784, 73
1619607922.297949, 74
1619607922.310916, 74
1619607922.324833, 74
1619607922.339020, 74
1619607922.352977, 74
1619607922.366873, 74
1619607922.381271, 75
1619607922.395443, 74
1619607922.409333, 74
1619607922.423562, 75
1619607922.437157, 75
1619607922.451594, 74
1619607922.465090, 75
1619607922.478713, 74
1619607922.492744, 75
1619607922.506672, 75
1619607922.520544, 75
1619607922.534047, 76
1619607922.547813, 76
1619607922.561266, 75
1619607922.574642, 75
1619607922.588688, 76
1619607922.602401, 76
1619607922.615468, 75
1619607922.628376, 75
1619607922.641067, 75
1619607922.655099, 75
1619607922.668647, 75
1619607922.681782, 75
1619607922.695890, 76
1619607922.710296, 76
1619607922.724792, 74
1619607922.738638, 76
1619607922.752599, 75
1619607922.766008, 76
1619607922.779606, 75
1619607922.794028, 75
1619607922.808191, 76
1619607922.821624, 76
1619607922.835842, 75
1619607922.849261, 76
1619607922.863694, 75
1619607922.877067, 77
1619607922.890871, 75
1619607922.904083, 76
1619607922.916644, 77
1619607922.930064, 76
1619607922.943817, 76
1619607922.957548, 75
1619607922.971419, 77
1619607922.985284, 77
1619607922.999581, 76
1619607923.014138, 75
1619607923.027900, 77
1619607923.041448, 76
1619607923.055013, 75
1619607923.069525, 76
1619607923.083675, 77
1619607923.098374, 77
1619607923.112912, 78
1619607923.126498, 77
1619607923.139941, 77
1619607923.153961, 77
1619607923.168180, 78
1619607923.181177, 78
1619607923.195580, 77
1619607923.210081, 77
1619607923.223719, 77
1619607923.237048, 78
1619607923.250000, 77
1619607923.263048, 77
1619607923.276529, 76
1619607923.289501, 76
1619607923.303120, 78
1619607923.317194, 77
1619607923.331192, 77
1619607923.344578, 77
1619607923.358085, 77
1619607923.371401, 77
1619607923.384366, 76
1619607923.398284, 78
1619607923.411833, 78
1619607923.425666, 77
1619607923.439213, 77
1619607923.453054, 78
1619607923.466548, 79
1619607923.480595, 78
1619607923.494404, 79
1619607923.508186, 79
1619607923.522212, 78
1619607923.535655, 79
1619607923.549137, 79
1619607923.562191, 78
1619607923.575187, 78
1619607923.588301, 77
1619607923.602145, 78
1619607923.616375, 77
1619607923.630253, 78
1619607923.644300, 77
1619607923.658068, 78
1619607923.671899, 77
1619607923.685778, 78
1619607923.700007, 78
1619607923.713790, 79
1619607923.728268, 79
1619607923.741867, 80
1619607923.755664, 79
1619607923.770097, 79
1619607923.783763, 80
1619607923.797684, 79
1619607923.811248, 79
1619607923.825224, 79
1619607923.838352, 80
1619607923.852639, 79
1619607923.865649, 79
1619607923.879416, 79
1619607923.893293, 79
1619607923.907294, 79
1619607923.919776, 79
1619607923.932696, 78
1619607923.945767, 78
1619607923.959542, 79
1619607923.973385, 78
1619607923.987448, 78
1619607924.001539, 79
1619607924.015967, 79
1619607924.029738, 79
1619607924.043379, 79
1619607924.057000, 79
1619607924.071037, 79
1619607924.084116, 80
1619607924.097572, 79
1619607924.111620, 79
1619607924.125348, 79
1619607924.138862, 80
1619607924.152998, 80
1619607924.166346, 80
1619607924.180310, 80
1619607924.193853, 80
1619607924.207411, 78
1619607924.220837, 79
1619607924.234312, 80
1619607924.247995, 79
1619607924.261473, 78
1619607924.275744, 79
1619607924.290275, 79
1619607924.304084, 79
1619607924.318331, 80
1619607924.332371, 80
1619607924.345656, 80
1619607924.359512, 81
1619607924.373264, 81
1619607924.387625, 81
1619607924.401954, 81
1619607924.415446, 81
1619607924.429109, 80
1619607924.442907, 82
1619607924.457175, 82
1619607924.471630, 81
1619607924.485107, 82
1619607924.499306, 83
1619607924.512964, 81
1619607924.527275, 81
1619607924.541099, 81
1619607924.555821, 81
1619607924.569513, 81
1619607924.583387, 79
1619607924.597940, 80
1619607924.611628, 80
1619607924.625329, 81
1619607924.639128, 80
1619607924.652906, 81
1619607924.666663, 81
1619607924.680476, 81
1619607924.694336, 81
1619607924.709059, 81
1619607924.722885, 82
1619607924.736353, 82
1619607924.750920, 82
1619607924.764831, 82
1619607924.779192, 81
1619607924.792975, 81
1619607924.807630, 82
1619607924.821974, 80
1619607924.835876, 80
1619607924.850244, 81
1619607924.864106, 81
1619607924.878617, 81
1619607924.892536, 82
1619607924.907886, 81
1619607924.922336, 81
1619607924.936167, 82
1619607924.950252, 82
1619607924.964534, 81
1619607924.978462, 82
1619607924.992624, 82
1619607925.006448, 82
1619607925.020975, 82
1619607925.034968, 83
1619607925.049317, 82
1619607925.063152, 82
1619607925.079115, 81
1619607925.093378, 82
1619607925.107426, 81
1619607925.121977, 82
1619607925.135964, 81
1619607925.150484, 82
1619607925.164690, 81
1619607925.178722, 82
1619607925.192254, 81
1619607925.206394, 81
1619607925.220896, 82
1619607925.234744, 81
1619607925.247971, 83
1619607925.261465, 83
1619607925.275955, 82
1619607925.290052, 81
1619607925.304162, 83
1619607925.317855, 82
1619607925.332177, 83
1619607925.345451, 83
1619607925.360504, 84
1619607925.374839, 83
1619607925.388904, 82
1619607925.402252, 82
1619607925.415540, 84
1619607925.429252, 84
1619607925.443368, 82
1619607925.456876, 81
1619607925.472037, 82
1619607925.485325, 83
1619607925.499556, 82
1619607925.512953, 81
1619607925.526292, 83
1619607925.539794, 82
1619607925.553975, 82
1619607925.568164, 83
1619607925.581286, 84
1619607925.594646, 83
1619607925.608011, 83
1619607925.620614, 83
1619607925.634773, 83
1619607925.648231, 83
1619607925.662367, 83
1619607925.676639, 84
1619607925.690856, 83
1619607925.704192, 84
1619607925.717563, 83
1619607925.731878, 84
1619607925.746900, 83
1619607925.761501, 84
1619607925.775772, 83
1619607925.790541, 83
1619607925.803586, 83
1619607925.818518, 83
1619607925.833060, 83
1619607925.847322, 83
1619607925.861716, 83
1619607925.875541, 84
1619607925.889079, 83
1619607925.903268, 83
1619607925.917633, 84
1619607925.930926, 83
1619607925.945941, 83
1619607925.961060, 84
1619607925.975283, 85
1619607925.989605, 84
1619607926.003014, 84
1619607926.017395, 85
1619607926.031645, 86
1619607926.045329, 85
1619607926.059666, 84
1619607926.073819, 85
1619607926.088001, 84
1619607926.101805, 83
1619607926.116496, 83
1619607926.129862, 84
1619607926.144845, 83
1619607926.159486, 83
1619607926.173374, 84
1619607926.187921, 84
1619607926.202064, 84
1619607926.216325, 85
1619607926.230503, 85
1619607926.245588, 84
1619607926.260356, 84
1619607926.274987, 86
1619607926.288939, 86
1619607926.302973, 86
1619607926.317316, 85
1619607926.331834, 85
1619607926.346425, 86
1619607926.360521, 86
1619607926.375356, 85
1619607926.390007, 85
1619607926.404588, 84
1619607926.418061, 85
1619607926.431735, 84
1619607926.445787, 84
1619607926.460451, 85
1619607926.474440, 85
1619607926.489119, 84
1619607926.503319, 85
1619607926.516626, 85
1619607926.529985, 86
1619607926.543782, 84
1619607926.557750, 86
1619607926.571156, 85
1619607926.585188, 85
1619607926.599165, 86
1619607926.612442, 87
1619607926.625774, 87
1619607926.639763, 86
1619607926.652654, 86
1619607926.666122, 87
1619607926.679353, 86
1619607926.693875, 86
1619607926.707812, 86
1619607926.721552, 85
1619607926.734903, 85
1619607926.748893, 85
1619607926.762213, 84
1619607926.775557, 86
1619607926.789757, 86
1619607926.803643, 85
1619607926.817748, 86
1619607926.832205, 86
1619607926.845536, 87
1619607926.859688, 86
1619607926.873790, 86
1619607926.887031, 87
1619607926.900661, 86
1619607926.913516, 86
1619607926.927731, 86
1619607926.942306, 88
1619607926.956316, 88
1619607926.971014, 87
1619607926.984585, 86
1619607926.998521, 87
1619607927.011969, 86
1619607927.025905, 86
1619607927.040271, 86
1619607927.053563, 86
1619607927.068264, 86
1619607927.082332, 86
1619607927.096930, 86
1619607927.110922, 86
1619607927.124957, 86
1619607927.138965, 86
1619607927.152971, 85
1619607927.166291, 86
1619607927.180310, 87
1619607927.193876, 87
1619607927.207616, 87
1619607927.220894, 88
1619607927.234259, 88
1619607927.247266, 87
1619607927.260705, 88
1619607927.274654, 87
1619607927.288273, 89
1619607927.301399, 88
1619607927.315896, 87
1619607927.330707, 87
1619607927.345198, 89
1619607927.359604, 88
1619607927.373485, 86
1619607927.387375, 87
1619607927.400696, 86
1619607927.414871, 87
1619607927.429086, 87
1619607927.443283, 86
1619607927.457153, 86
1619607927.471881, 87
1619607927.485210, 88
1619607927.498489, 88
1619607927.513177, 87
1619607927.526651, 88
1619607927.541248, 88
1619607927.556100, 88
1619607927.569827, 87
1619607927.583922, 89
1619607927.597324, 88
1619607927.611365, 88
1619607927.625346, 88
1619607927.639494, 88
1619607927.653422, 88
1619607927.667114, 88
1619607927.680054, 88
1619607927.693478, 89
1619607927.707268, 88
1619607927.720798, 87
1619607927.734843, 86
1619607927.749414, 88
1619607927.763766, 87
1619607927.777581, 88
1619607927.792283, 87
1619607927.805602, 88
1619607927.819746, 89
1619607927.833163, 90
1619607927.847152, 88
1619607927.862070, 89
1619607927.876072, 88
1619607927.890110, 89
1619607927.904134, 88
1619607927.917550, 89
1619607927.931053, 89
1619607927.945602, 89
1619607927.959581, 89
1619607927.973570, 89
1619607927.988230, 89
1619607928.003634, 89
1619607928.018610, 89
1619607928.033433, 87
1619607928.047486, 88
1619607928.061427, 88
1619607928.075556, 88
1619607928.089724, 89
1619607928.103771, 89
1619607928.117120, 88
1619607928.130887, 89
1619607928.144916, 89
1619607928.158961, 89
1619607928.173050, 89
1619607928.186965, 89
1619607928.200368, 90
1619607928.213780, 89
1619607928.227159, 90
1619607928.241053, 89
1619607928.255215, 89
1619607928.269177, 91
1619607928.282745, 90
1619607928.295652, 90
1619607928.310023, 89
1619607928.323706, 90
1619607928.337652, 89
1619607928.351149, 90
1619607928.365083, 88
1619607928.378380, 88
1619607928.393016, 89
1619607928.407676, 89
1619607928.421573, 89
1619607928.435009, 90
1619607928.449659, 89
1619607928.464296, 89
1619607928.478287, 90
1619607928.492543, 89
1619607928.506166, 90
1619607928.520026, 91
1619607928.534043, 90
1619607928.548166, 90
1619607928.561423, 90
1619607928.575451, 91
1619607928.588558, 89
1619607928.601929, 90
1619607928.616545, 90
1619607928.629443, 91
1619607928.642526, 91
1619607928.656456, 91
1619607928.669380, 91
1619607928.682639, 91
1619607928.695979, 90
1619607928.709314, 89
1619607928.723355, 90
1619607928.736525, 89
1619607928.749665, 89
1619607928.762363, 90
1619607928.775746, 89
1619607928.789592, 89
1619607928.803538, 89
1619607928.817554, 90
1619607928.831814, 91
1619607928.845779, 91
1619607928.859773, 92
1619607928.873712, 92
1619607928.887706, 91
1619607928.902234, 91
1619607928.916176, 92
1619607928.930107, 90
1619607928.944130, 91
1619607928.957855, 91
1619607928.971361, 92
1619607928.984290, 91
1619607928.998302, 91
1619607929.012332, 91
1619607929.025429, 90
1619607929.039511, 90
1619607929.053800, 89
1619607929.068548, 90
1619607929.082818, 90
1619607929.096782, 91
1619607929.110615, 91
1619607929.123986, 91
1619607929.137890, 91
1619607929.151857, 92
1619607929.165832, 91
1619607929.179860, 92
1619607929.193856, 92
1619607929.207165, 91
1619607929.221887, 91
1619607929.234744, 92
1619607929.248179, 93
1619607929.260838, 92
1619607929.275178, 92
1619607929.289589, 91
1619607929.303571, 92
1619607929.318285, 92
1619607929.331681, 92
1619607929.345023, 91
1619607929.358994, 90
1619607929.372895, 92
1619607929.386879, 90
1619607929.400404, 91
1619607929.413699, 90
1619607929.427401, 92
1619607929.441219, 92
1619607929.455168, 91
1619607929.469044, 90
1619607929.482359, 92
1619607929.497561, 93
1619607929.510638, 93
1619607929.524579, 92
1619607929.538173, 93
1619607929.552163, 92
1619607929.565394, 92
1619607929.579666, 94
1619607929.594624, 93
1619607929.608597, 93
1619607929.621846, 92
1619607929.635173, 93
1619607929.649528, 93
1619607929.663461, 92
1619607929.676783, 92
1619607929.691680, 93
1619607929.705971, 92
1619607929.720620, 91
1619607929.734127, 92
1619607929.748097, 92
1619607929.762044, 91
1619607929.776042, 93
1619607929.789998, 93
1619607929.803983, 92
1619607929.817975, 94
1619607929.832629, 93
1619607929.846636, 93
1619607929.860567, 93
1619607929.875642, 94
1619607929.889232, 94
1619607929.903144, 93
1619607929.916790, 93
1619607929.929844, 93
1619607929.943181, 93
1619607929.957488, 94
1619607929.972102, 94
1619607929.985112, 93
1619607929.999516, 93
1619607930.013606, 95
1619607930.028024, 94
1619607930.041293, 92
1619607930.054506, 92
1619607930.068834, 93
1619607930.082433, 93
1619607930.097758, 92
1619607930.111264, 93
1619607930.124446, 94
1619607930.138482, 92
1619607930.152430, 92
1619607930.165770, 93
1619607930.179840, 95
1619607930.193441, 94
1619607930.207098, 93
1619607930.220998, 93
1619607930.234963, 93
1619607930.248231, 94
1619607930.262062, 95
1619607930.275069, 94
1619607930.288697, 95
1619607930.302456, 94
1619607930.315760, 94
1619607930.329750, 94
1619607930.344254, 94
1619607930.358355, 94
1619607930.371991, 94
1619607930.385561, 94
1619607930.399242, 93
1619607930.413060, 93
1619607930.426754, 93
1619607930.440763, 93
1619607930.455833, 93
1619607930.469882, 93
1619607930.483533, 93
1619607930.497688, 95
1619607930.511382, 95
1619607930.524383, 95
1619607930.538546, 94
1619607930.552084, 96
1619607930.565143, 95
1619607930.579338, 95
1619607930.592832, 94
1619607930.607018, 95
1619607930.620552, 95
1619607930.633177, 94
1619607930.646162, 95
1619607930.660003, 94
1619607930.673308, 95
1619607930.687200, 94
1619607930.700137, 94
1619607930.713673, 94
1619607930.727980, 95
1619607930.742245, 94
1619607930.757054, 94
1619607930.770566, 94
1619607930.783689, 94
1619607930.797183, 95
1619607930.811382, 94
1619607930.824899, 94
1619607930.838961, 95
1619607930.853131, 95
1619607930.867160, 96
1619607930.880611, 96
1619607930.894615, 96
1619607930.908113, 95
1619607930.921703, 95
1619607930.936100, 96
1619607930.949234, 96
1619607930.963512, 97
1619607930.977580, 97
1619607930.991718, 97
1619607931.006041, 97
1619607931.020001, 96
1619607931.034596, 96
1619607931.048991, 96
1619607931.062670, 96
1619607931.076298, 94
1619607931.090188, 95
1619607931.104969, 95
1619607931.119169, 94
1619607931.133600, 94
1619607931.148383, 95
1619607931.162405, 95
1619607931.175636, 95
1619607931.189575, 95
1619607931.203139, 96
1619607931.217301, 96
1619607931.232079, 97
1619607931.245683, 97
1619607931.259228, 96
1619607931.273181, 95
1619607931.287643, 96
1619607931.301219, 96
1619607931.315721, 97
1619607931.330042, 96
1619607931.344399, 97
1619607931.358551, 96
1619607931.371889, 97
1619607931.384705, 96
1619607931.398438, 95
1619607931.411110, 95
1619607931.425264, 95
1619607931.439088, 96
1619607931.453494, 95
1619607931.466907, 96
1619607931.480700, 97
1619607931.494305, 96
1619607931.507541, 96
1619607931.522064, 97
1619607931.536076, 97
1619607931.550100, 97
1619607931.563888, 96
1619607931.578486, 97
1619607931.592290, 97
1619607931.606112, 96
1619607931.619671, 97
1619607931.634255, 97
1619607931.648652, 98
1619607931.662296, 97
1619607931.677085, 96
1619607931.691526, 97
1619607931.705303, 98
1619607931.718523, 97
1619607931.731391, 97
1619607931.744397, 97
1619607931.758553, 97
1619607931.772706, 96
1619607931.786240, 96
1619607931.800754, 97
1619607931.814109, 96
1619607931.827611, 96
1619607931.840878, 97
1619607931.854049, 96
1619607931.867937, 96
1619607931.882305, 97
1619607931.896216, 98
1619607931.910102, 98
1619607931.923658, 98
1619607931.936672, 98
1619607931.950756, 98
1619607931.963403, 98
1619607931.976228, 98
1619607931.989428, 98
1619607932.002720, 97
1619607932.017118, 97
1619607932.031059, 99
1619607932.045210, 98
1619607932.058798, 97
1619607932.073209, 98
1619607932.087147, 99
1619607932.101532, 98
1619607932.114652, 96
1619607932.130205, 97
1619607932.143825, 98
1619607932.157993, 96
1619607932.171735, 96
1619607932.185093, 96
1619607932.198153, 98
1619607932.211612, 98
1619607932.225406, 98
1619607932.239359, 99
1619607932.253213, 98
1619607932.266779, 98
1619607932.280667, 98
1619607932.294499, 98
1619607932.308874, 98
1619607932.322845, 97
1619607932.335713, 99
1619607932.349017, 98
1619607932.362438, 98
1619607932.376592, 98
1619607932.389885, 98
1619607932.403335, 98
1619607932.416865, 98
1619607932.429882, 99
1619607932.444601, 100
1619607932.458168, 99
1619607932.472341, 99
1619607932.486219, 98
1619607932.499755, 98
1619607932.514420, 98
1619607932.528435, 97
1619607932.541878, 98
1619607932.555840, 98
1619607932.569579, 98
1619607932.584123, 99
1619607932.598211, 98
1619607932.612045, 98
1619607932.626940, 100
1619607932.641013, 99
1619607932.654969, 98
1619607932.669388, 100
1619607932.683389, 100
1619607932.696688, 99
1619607932.710912, 100
1619607932.724436, 100
1619607932.738256, 100
1619607932.752503, 100
1619607932.765700, 99
1619607932.780086, 100
1619607932.793431, 99
1619607932.807470, 100
1619607932.820502, 98
1619607932.834085, 99
1619607932.847447, 98
1619607932.861001, 99
1619607932.874376, 98
1619607932.888474, 99
1619607932.902253, 98
1619607932.915966, 97
1619607932.929636, 99
1619607932.943773, 100
1619607932.957067, 99
1619607932.970503, 99
1619607932.984664, 100
1619607932.997969, 99
1619607933.011928, 99
1619607933.025556, 100
1619607933.039442, 98
1619607933.053733, 100
1619607933.067066, 100
1619607933.080903, 99
1619607933.094981, 99
1619607933.108855, 99
1619607933.122347, 100
1619607933.135957, 99
1619607933.149163, 100
1619607933.163809, 100
1619607933.178682, 99
1619607933.192093, 99
1619607933.205997, 99
1619607933.220445, 100
1619607933.234551, 100
1619607933.248689, 99
1619607933.262236, 99
1619607933.275992, 99
1619607933.289752, 100
1619607933.303629, 99
1619607933.317129, 101
1619607933.330450, 100
1619607933.343852, 101
1619607933.357459, 100
1619607933.370867, 101
1619607933.385278, 100
1619607933.399815, 101
1619607933.414035, 101
1619607933.427872, 100
1619607933.441995, 101
1619607933.456132, 101
1619607933.469767, 101
1619607933.482568, 100
1619607933.496140, 102
1619607933.509030, 101
1619607933.521701, 100
1619607933.536197, 100
1619607933.549406, 101
1619607933.563748, 100
1619607933.578366, 99
1619607933.592630, 100
1619607933.605699, 100
1619607933.619144, 100
1619607933.632890, 100
1619607933.645665, 100
1619607933.659608, 102
1619607933.672939, 101
1619607933.685799, 101
1619607933.699527, 102
1619607933.713165, 102
1619607933.726964, 102
1619607933.741597, 101
1619607933.755476, 101
1619607933.769300, 101
1619607933.782864, 102
1619607933.796950, 101
1619607933.811132, 101
1619607933.825195, 102
1619607933.839026, 102
1619607933.852694, 102
1619607933.866843, 102
1619607933.880713, 100
1619607933.893985, 99
1619607933.907447, 101
1619607933.921853, 101
1619607933.935441, 101
1619607933.948798, 101
1619607933.962571, 100
1619607933.975482, 101
1619607933.988667, 100
1619607934.002388, 102
1619607934.016870, 102
1619607934.029865, 101
1619607934.043900, 101
1619607934.058672, 102
1619607934.072529, 101
1619607934.086328, 102
1619607934.100034, 101
1619607934.113742, 101
1619607934.127458, 103
1619607934.141217, 102
1619607934.155092, 102
1619607934.169065, 102
1619607934.182238, 103
1619607934.196323, 103
1619607934.210643, 103
1619607934.224442, 102
1619607934.237832, 100
1619607934.252250, 100
1619607934.266625, 101
1619607934.279867, 102
1619607934.292799, 102
1619607934.305699, 101
1619607934.318932, 101
1619607934.332428, 100
1619607934.345980, 102
1619607934.359190, 102
1619607934.373705, 103
1619607934.387517, 102
1619607934.403434, 102
1619607934.418284, 103
1619607934.431376, 103
1619607934.445403, 102
1619607934.459695, 103
1619607934.473231, 103
1619607934.487253, 103
1619607934.500800, 103
1619607934.513770, 104
1619607934.527730, 103
1619607934.541696, 103
1619607934.555154, 103
1619607934.569698, 102
1619607934.583458, 103
1619607934.597218, 101
1619607934.611747, 102
1619607934.625222, 103
1619607934.639113, 102
1619607934.652501, 102
1619607934.666097, 102
1619607934.679364, 102
1619607934.692918, 103
1619607934.706484, 103
1619607934.719745, 103
1619607934.733173, 103
1619607934.747361, 104
1619607934.760848, 103
1619607934.775730, 104
1619607934.789374, 103
1619607934.803561, 103
1619607934.817500, 103
1619607934.832214, 103
1619607934.845698, 104
1619607934.860739, 104
1619607934.875398, 104
1619607934.889539, 103
1619607934.904021, 103
1619607934.917951, 103
1619607934.932649, 103
1619607934.946545, 103
1619607934.960680, 104
1619607934.973746, 104
1619607934.987781, 103
1619607935.001159, 102
1619607935.015071, 103
1619607935.030012, 103
1619607935.043245, 103
1619607935.057410, 103
1619607935.070297, 103
1619607935.084015, 105
1619607935.097413, 103
1619607935.110029, 103
1619607935.124595, 103
1619607935.137917, 103
1619607935.151928, 103
1619607935.165789, 104
1619607935.179346, 104
1619607935.193276, 104
1619607935.207160, 104
1619607935.221107, 104
1619607935.235160, 105
1619607935.248659, 106
1619607935.262900, 105
1619607935.276687, 104
1619607935.290248, 105
1619607935.304690, 105
1619607935.318873, 104
1619607935.333159, 103
1619607935.347172, 103
1619607935.361040, 104
1619607935.375641, 103
1619607935.389237, 103
1619607935.403608, 104
1619607935.417358, 103
1619607935.430237, 103
1619607935.445023, 104
1619607935.458387, 104
1619607935.472522, 104
1619607935.486718, 104
1619607935.500458, 105
1619607935.513993, 105
1619607935.527596, 104
1619607935.540903, 105
1619607935.554774, 105
1619607935.568151, 104
1619607935.581106, 104
1619607935.595117, 104
1619607935.609419, 106
1619607935.623198, 105
1619607935.636943, 105
1619607935.650475, 105
1619607935.665205, 106
1619607935.679740, 105
1619607935.693713, 104
1619607935.708005, 104
1619607935.722449, 104
1619607935.736903, 104
1619607935.750675, 104
1619607935.765474, 105
1619607935.779654, 104
1619607935.792829, 104
1619607935.807317, 105
1619607935.821243, 106
1619607935.835869, 105
1619607935.849747, 105
1619607935.864130, 105
1619607935.878755, 105
1619607935.892942, 105
1619607935.906648, 105
1619607935.920521, 105
1619607935.934034, 105
1619607935.947686, 106
1619607935.962661, 105
1619607935.976525, 105
1619607935.990212, 106
1619607936.004079, 105
1619607936.019331, 106
1619607936.032321, 105
1619607936.046061, 106
1619607936.060566, 105
1619607936.074183, 105
1619607936.087756, 105
1619607936.102103, 106
1619607936.116001, 105
1619607936.129277, 105
1619607936.143574, 104
1619607936.157873, 105
1619607936.171548, 107
1619607936.185276, 106
1619607936.199378, 106
1619607936.213065, 106
1619607936.226759, 106
1619607936.241103, 106
1619607936.255533, 105
1619607936.269588, 107
1619607936.283807, 106
1619607936.298214, 106
1619607936.312268, 106
1619607936.325289, 107
1619607936.338653, 107
1619607936.353201, 106
1619607936.367593, 107
1619607936.380556, 107
1619607936.394367, 108
1619607936.407735, 107
1619607936.421017, 106
1619607936.434107, 106
1619607936.447859, 105
1619607936.460856, 105
1619607936.475249, 105
1619607936.489302, 105
1619607936.503645, 107
1619607936.517400, 106
1619607936.531523, 106
1619607936.545033, 108
1619607936.560010, 108
1619607936.573793, 107
1619607936.588085, 108
1619607936.602081, 108
1619607936.616348, 107
1619607936.629889, 106
1619607936.643662, 107
1619607936.657115, 106
1619607936.671755, 106
1619607936.685648, 107
1619607936.699523, 108
1619607936.713182, 107
1619607936.727047, 107
1619607936.740335, 106
1619607936.754459, 107
1619607936.768315, 106
1619607936.782370, 107
1619607936.796378, 105
1619607936.809371, 106
1619607936.822781, 107
1619607936.837133, 106
1619607936.852668, 106
1619607936.866512, 106
1619607936.880380, 107
1619607936.893482, 106
1619607936.906737, 107
1619607936.919248, 108
1619607936.933107, 108
1619607936.946174, 107
1619607936.960211, 108
1619607936.974200, 108
1619607936.988191, 108
1619607937.002535, 106
1619607937.016909, 108
1619607937.030371, 107
1619607937.044305, 108
1619607937.057462, 107
1619607937.072259, 107
1619607937.085931, 108
1619607937.100271, 108
1619607937.113801, 107
1619607937.127214, 108
1619607937.141638, 108
1619607937.155714, 108
1619607937.169868, 106
1619607937.183602, 107
1619607937.197922, 108
1619607937.210746, 107
1619607937.224518, 107
1619607937.238959, 107
1619607937.252237, 107
1619607937.264991, 107
1619607937.279343, 107
1619607937.293012, 108
1619607937.307295, 108
1619607937.321179, 109
1619607937.334847, 108
1619607937.349270, 108
1619607937.362933, 110
1619607937.377243, 109
1619607937.390663, 108
1619607937.404213, 109
1619607937.417266, 109
1619607937.430689, 110
1619607937.443830, 109
1619607937.456948, 108
1619607937.470151, 109
1619607937.483884, 109
1619607937.497841, 109
1619607937.512716, 109
1619607937.526391, 109
1619607937.541077, 109
1619607937.554962, 108
1619607937.568969, 107
1619607937.582256, 107
1619607937.596587, 109
1619607937.609617, 108
1619607937.623213, 108
1619607937.637153, 108
1619607937.651567, 108
1619607937.665559, 110
1619607937.679608, 109
1619607937.693121, 108
1619607937.706949, 108
1619607937.721140, 110
1619607937.734932, 109
1619607937.748543, 109
1619607937.761375, 109
1619607937.774691, 110
1619607937.788518, 108
1619607937.803154, 108
1619607937.817078, 108
1619607937.830427, 109
1619607937.844799, 109
1619607937.859830, 109
1619607937.872945, 108
1619607937.887640, 109
1619607937.901335, 110
1619607937.915658, 110
1619607937.930326, 108
1619607937.944280, 108
1619607937.958451, 108
1619607937.972644, 109
1619607937.987079, 108
1619607938.001229, 108
1619607938.015764, 108
1619607938.029667, 108
1619607938.044278, 109
1619607938.057469, 109
1619607938.071977, 110
1619607938.085382, 109
1619607938.098730, 110
1619607938.113520, 109
1619607938.127347, 109
1619607938.141619, 109
1619607938.155714, 109
1619607938.169479, 111
1619607938.183266, 110
1619607938.197404, 110
1619607938.211041, 110
1619607938.223942, 111
1619607938.237415, 111
1619607938.251477, 111
1619607938.264650, 110
1619607938.278867, 110
1619607938.293083, 111
1619607938.306341, 109
1619607938.320247, 109
1619607938.333629, 109
1619607938.346929, 109
1619607938.360582, 109
1619607938.374708, 109
1619607938.388367, 109
1619607938.402719, 109
1619607938.416505, 110
1619607938.430138, 109
1619607938.443647, 111
1619607938.457347, 111
1619607938.470589, 111
1619607938.483808, 110
1619607938.496810, 111
1619607938.510155, 111
1619607938.523632, 112
1619607938.536860, 110
1619607938.550858, 111
1619607938.564676, 111
1619607938.578215, 111
1619607938.592507, 111
1619607938.606182, 110
1619607938.620559, 111
1619607938.634377, 111
1619607938.648712, 110
1619607938.663067, 110
1619607938.676879, 109
1619607938.691820, 109
1619607938.705925, 109
1619607938.719554, 110
1619607938.733587, 110
1619607938.747421, 110
1619607938.760930, 110
1619607938.774766, 110
1619607938.788628, 111
1619607938.802977, 111
1619607938.816692, 112
1619607938.830034, 111
1619607938.843900, 112
1619607938.858009, 111
1619607938.871881, 111
1619607938.885742, 111
1619607938.899661, 110
1619607938.913299, 112
1619607938.927238, 112
1619607938.941378, 111
1619607938.954386, 111
1619607938.968241, 111
1619607938.981528, 112
1619607938.994577, 113
1619607939.007629, 112
1619607939.020551, 113
1619607939.033540, 113
1619607939.047110, 112
1619607939.060921, 111
1619607939.074269, 111
1619607939.088106, 112
1619607939.101875, 111
1619607939.116304, 111
1619607939.130144, 112
1619607939.144077, 111
1619607939.158435, 111
1619607939.172013, 111
1619607939.184787, 113
1619607939.198346, 112
1619607939.212157, 113
1619607939.225496, 113
1619607939.239651, 112
1619607939.254160, 112
1619607939.267640, 111
1619607939.281108, 112
1619607939.294635, 113
1619607939.307920, 113
1619607939.321316, 113
1619607939.335552, 113
1619607939.349368, 112
1619607939.362971, 112
1619607939.376318, 113
1619607939.390114, 113
1619607939.403936, 112
1619607939.417561, 113
1619607939.431462, 112
1619607939.445238, 112
1619607939.458574, 111
1619607939.471929, 111
1619607939.485236, 112
1619607939.498591, 111
1619607939.511700, 111
1619607939.525613, 112
1619607939.539980, 112
1619607939.553127, 111
1619607939.565857, 113
1619607939.580707, 112
1619607939.593985, 113
1619607939.607842, 113
1619607939.621595, 112
1619607939.635711, 113
1619607939.649158, 113
1619607939.663093, 112
1619607939.677000, 113
1619607939.690356, 112
1619607939.703625, 112
1619607939.717508, 114
1619607939.731876, 113
1619607939.745217, 113
1619607939.759556, 112
1619607939.773753, 112
1619607939.788079, 112
1619607939.802495, 112
1619607939.816907, 113
1619607939.830724, 113
1619607939.845080, 112
1619607939.859863, 112
1619607939.873804, 111
1619607939.887403, 113
1619607939.900806, 112
1619607939.914259, 112
1619607939.927868, 112
1619607939.940868, 113
1619607939.954320, 113
1619607939.968316, 114
1619607939.981888, 113
1619607939.996183, 113
1619607940.010762, 113
1619607940.024862, 114
1619607940.039022, 113
1619607940.052414, 113
1619607940.065447, 113
1619607940.079174, 113
1619607940.092500, 114
1619607940.105723, 113
1619607940.120216, 114
1619607940.133533, 113
1619607940.147126, 113
1619607940.160571, 112
1619607940.175184, 114
1619607940.188981, 115
1619607940.202707, 115
1619607940.216959, 113
1619607940.230855, 113
1619607940.244900, 113
1619607940.259208, 112
1619607940.272685, 111
1619607940.286095, 114
1619607940.299092, 113
1619607940.312821, 114
1619607940.326295, 113
1619607940.339210, 113
1619607940.352749, 114
1619607940.366350, 114
1619607940.380238, 114
1619607940.394668, 114
1619607940.409190, 114
1619607940.423788, 115
1619607940.437429, 113
1619607940.450508, 113
1619607940.463628, 114
1619607940.477414, 114
1619607940.491255, 114
1619607940.504488, 115
1619607940.517141, 114
1619607940.530514, 115
1619607940.543893, 114
1619607940.557586, 114
1619607940.571073, 113
1619607940.584146, 114
1619607940.597907, 115
1619607940.611748, 113
1619607940.625743, 113
1619607940.640083, 113
1619607940.654254, 113
1619607940.668341, 113
1619607940.682145, 113
1619607940.696887, 114
1619607940.711255, 114
1619607940.725595, 114
1619607940.738934, 114
1619607940.753157, 114
1619607940.767211, 115
1619607940.780791, 115
1619607940.795115, 115
1619607940.808390, 115
1619607940.822489, 115
1619607940.837001, 114
1619607940.850757, 115
1619607940.863572, 114
1619607940.876750, 115
1619607940.889946, 114
1619607940.903356, 114
1619607940.917423, 116
1619607940.931550, 115
1619607940.944876, 115
1619607940.958412, 115
1619607940.971838, 116
1619607940.985534, 115
1619607940.999083, 115
1619607941.012314, 114
1619607941.025356, 114
1619607941.038089, 114
1619607941.051069, 115
1619607941.064931, 114
1619607941.079644, 114
1619607941.093407, 115
1619607941.107195, 114
1619607941.120378, 116
1619607941.134161, 116
1619607941.147619, 115
1619607941.161482, 116
1619607941.176017, 115
1619607941.189113, 115
1619607941.203415, 116
1619607941.216233, 115
1619607941.229969, 115
1619607941.243920, 116
1619607941.257929, 116
1619607941.271779, 115
1619607941.285091, 115
1619607941.298941, 115
1619607941.312265, 115
1619607941.325845, 116
1619607941.339398, 116
1619607941.352364, 115
1619607941.365881, 115
1619607941.380610, 115
1619607941.394148, 114
1619607941.407588, 115
1619607941.421131, 115
1619607941.434811, 115
1619607941.449210, 114
1619607941.462687, 114
1619607941.476704, 115
1619607941.490494, 115
1619607941.504364, 117
1619607941.518239, 117
1619607941.532568, 116
1619607941.545627, 116
1619607941.558865, 117
1619607941.572245, 116
1619607941.584896, 116
1619607941.597993, 117
1619607941.612045, 117
1619607941.625355, 117
1619607941.639607, 116
1619607941.653398, 117
1619607941.667248, 117
1619607941.681696, 117
1619607941.695796, 116
1619607941.710260, 117
1619607941.723805, 117
1619607941.738142, 116
1619607941.752257, 116
1619607941.765587, 116
1619607941.778943, 114
1619607941.792737, 116
1619607941.806523, 116
1619607941.820953, 115
1619607941.834262, 116
1619607941.847589, 116
1619607941.861919, 115
1619607941.875805, 116
1619607941.890164, 117
1619607941.904560, 117
1619607941.918498, 117
1619607941.931950, 117
1619607941.945753, 117
1619607941.959545, 117
1619607941.973360, 117
1619607941.986789, 116
1619607942.001161, 116
1619607942.015372, 117
1619607942.029009, 117
1619607942.042197, 117
1619607942.055428, 116
1619607942.069055, 117
1619607942.082930, 116
1619607942.096750, 117
1619607942.110062, 116
1619607942.123863, 117
1619607942.137427, 116
1619607942.151794, 118
1619607942.164829, 117
1619607942.178695, 116
1619607942.192019, 117
1619607942.204729, 117
1619607942.219922, 116
1619607942.233144, 116
1619607942.246828, 116
1619607942.260370, 117
1619607942.273690, 116
1619607942.287643, 116
1619607942.300625, 117
1619607942.314676, 118
1619607942.328845, 118
1619607942.343174, 117
1619607942.357561, 117
1619607942.371492, 117
1619607942.386382, 118
1619607942.400208, 117
1619607942.413577, 117
1619607942.427342, 118
1619607942.441523, 119
1619607942.454791, 117
1619607942.468609, 118
1619607942.482154, 117
1619607942.495564, 118
1619607942.509338, 118
1619607942.523484, 117
1619607942.537155, 118
1619607942.550115, 117
1619607942.563016, 117
1619607942.576252, 117
1619607942.589881, 117
1619607942.604927, 116
1619607942.617928, 116
1619607942.632366, 115
1619607942.645670, 116
1619607942.659608, 116
1619607942.673424, 116
1619607942.687005, 118
1619607942.700801, 117
1619607942.714073, 118
1619607942.728742, 119
1619607942.742623, 118
1619607942.757117, 118
1619607942.771412, 118
1619607942.785253, 118
1619607942.799726, 118
1619607942.813877, 119
1619607942.828524, 118
1619607942.842295, 118
1619607942.856716, 118
1619607942.869851, 118
1619607942.884036, 119
1619607942.897938, 118
1619607942.912887, 118
1619607942.927191, 118
1619607942.941351, 118
1619607942.955944, 117
1619607942.969234, 117
1619607942.983622, 116
1619607942.997738, 117
1619607943.011857, 117
1619607943.024768, 118
1619607943.038358, 118
1619607943.052408, 118
1619607943.065451, 118
1619607943.079786, 118
1619607943.092843, 120
1619607943.106769, 119
1619607943.121051, 119
1619607943.136012, 119
1619607943.149941, 119
1619607943.163819, 119
1619607943.178527, 118
1619607943.193144, 118
1619607943.207200, 120
1619607943.220285, 119
1619607943.233778, 119
1619607943.247551, 119
1619607943.260566, 119
1619607943.274717, 119
1619607943.287976, 118
1619607943.300705, 120
1619607943.314357, 120
1619607943.328776, 119
1619607943.342581, 120
1619607943.356398, 119
1619607943.370428, 118
1619607943.385254, 119
1619607943.399703, 119
1619607943.413595, 118
1619607943.427736, 118
1619607943.441401, 119
1619607943.455780, 118
1619607943.470059, 118
1619607943.484384, 119
1619607943.498019, 120
1619607943.513350, 119
1619607943.526815, 119
1619607943.540760, 119
1619607943.554576, 119
1619607943.568953, 119
1619607943.582988, 120
1619607943.596310, 119
1619607943.609829, 119
1619607943.623495, 119
1619607943.637062, 120
1619607943.650047, 120
1619607943.664519, 119
1619607943.678451, 119
1619607943.691591, 120
1619607943.705460, 120
1619607943.718749, 120
1619607943.731852, 120
1619607943.745193, 121
1619607943.758606, 119
1619607943.772353, 118
1619607943.786224, 120
1619607943.800756, 120
1619607943.815081, 119
1619607943.829050, 119
1619607943.842715, 119
1619607943.856761, 119
1619607943.870434, 119
1619607943.885089, 120
1619607943.899736, 120
1619607943.913649, 120
1619607943.927632, 120
1619607943.941544, 120
1619607943.956397, 121
1619607943.970982, 121
1619607943.985298, 120
1619607944.000097, 120
1619607944.014598, 120
1619607944.028464, 120
1619607944.042967, 120
1619607944.057148, 120
1619607944.071642, 120
1619607944.085525, 120
1619607944.099714, 121
1619607944.113526, 121
1619607944.127421, 121
1619607944.141849, 120
1619607944.155678, 121
1619607944.169775, 120
1619607944.184288, 119
1619607944.197804, 120
1619607944.211107, 119
1619607944.225699, 119
1619607944.239677, 121
1619607944.253572, 119
1619607944.267775, 120
1619607944.281640, 119
1619607944.295389, 121
1619607944.309715, 120
1619607944.324061, 120
1619607944.337066, 120
1619607944.351725, 121
1619607944.365800, 121
1619607944.379894, 120
1619607944.393919, 120
1619607944.407799, 121
1619607944.421907, 121
1619607944.436460, 121
1619607944.450107, 121
1619607944.464057, 121
1619607944.477987, 121
1619607944.491924, 122
1619607944.506285, 121
1619607944.520235, 122
1619607944.534017, 122
1619607944.548097, 121
1619607944.562491, 121
1619607944.577124, 120
1619607944.591718, 121
1619607944.605417, 120
1619607944.619090, 121
1619607944.633400, 120
1619607944.646695, 121
1619607944.660923, 121
1619607944.674722, 121
1619607944.689066, 120
1619607944.702297, 122
1619607944.715451, 122
1619607944.729647, 121
1619607944.743359, 121
1619607944.757928, 121
1619607944.772880, 121
1619607944.787786, 121
1619607944.801801, 122
1619607944.816479, 120
1619607944.831375, 121
1619607944.845566, 122
1619607944.859503, 122
1619607944.874226, 122
1619607944.888489, 122
1619607944.902240, 122
1619607944.916374, 121
1619607944.929667, 122
1619607944.944575, 122
1619607944.958150, 122
1619607944.972042, 121
1619607944.985906, 122
1619607944.999721, 121
1619607945.013245, 121
1619607945.027279, 120
1619607945.041191, 121
1619607945.055179, 122
1619607945.069417, 121
1619607945.082682, 121
1619607945.096019, 121
1619607945.108912, 123
1619607945.121418, 122
1619607945.135142, 122
1619607945.148403, 122
1619607945.162556, 122
1619607945.175873, 122
1619607945.190619, 122
1619607945.204664, 122
1619607945.218681, 123
1619607945.232877, 122
1619607945.246699, 122
1619607945.260916, 123
1619607945.274677, 122
1619607945.288755, 123
1619607945.302219, 122
1619607945.315959, 122
1619607945.329981, 122
1619607945.343514, 123
1619607945.357605, 122
1619607945.371045, 122
1619607945.383967, 123
1619607945.397967, 122
1619607945.411958, 122
1619607945.425462, 122
1619607945.439048, 122
1619607945.452618, 121
1619607945.466494, 121
1619607945.480264, 121
1619607945.493625, 122
1619607945.507200, 122
1619607945.520478, 122
1619607945.534142, 122
1619607945.548262, 124
1619607945.561664, 123
1619607945.574714, 122
1619607945.588433, 122
1619607945.601900, 123
1619607945.615392, 123
1619607945.629460, 122
1619607945.643541, 122
1619607945.657037, 123
1619607945.670602, 123
1619607945.683431, 122
1619607945.696400, 122
1619607945.709940, 123
1619607945.723410, 123
1619607945.737121, 123
1619607945.751873, 123
1619607945.766544, 124
1619607945.779991, 123
1619607945.794112, 123
1619607945.808772, 123
1619607945.822333, 123
1619607945.837046, 122
1619607945.850667, 122
1619607945.864799, 123
1619607945.878788, 122
1619607945.892277, 121
1619607945.905629, 122
1619607945.919311, 122
1619607945.932534, 124
1619607945.945838, 123
1619607945.959493, 124
1619607945.974172, 124
1619607945.988328, 123
1619607946.002015, 123
1619607946.015607, 123
1619607946.029367, 125
1619607946.042479, 124
1619607946.055965, 124
1619607946.070078, 124
1619607946.084331, 124
1619607946.097948, 123
1619607946.112015, 124
1619607946.125533, 124
1619607946.139937, 125
1619607946.154077, 124
1619607946.167771, 124
1619607946.181696, 123
1619607946.196034, 124
1619607946.209903, 125
1619607946.223898, 123
1619607946.238490, 122
1619607946.252943, 123
1619607946.267000, 123
1619607946.280987, 122
1619607946.295241, 122
1619607946.310008, 123
1619607946.324102, 123
1619607946.338113, 124
1619607946.352278, 124
1619607946.365308, 124
1619607946.379367, 124
1619607946.392482, 125
1619607946.405657, 124
1619607946.420596, 125
1619607946.435001, 125
1619607946.449665, 125
1619607946.464516, 125
1619607946.479499, 125
1619607946.494365, 124
1619607946.508368, 124
1619607946.522405, 124
1619607946.537362, 125
1619607946.551648, 125
1619607946.566533, 125
1619607946.580617, 124
1619607946.595418, 124
1619607946.609469, 125
1619607946.625231, 124
1619607946.639323, 124
1619607946.654257, 124
1619607946.668264, 123
1619607946.680850, 125
1619607946.694248, 124
1619607946.707816, 124
1619607946.721862, 123
1619607946.736108, 123
1619607946.750070, 125
1619607946.764962, 125
1619607946.778167, 126
1619607946.791498, 125
1619607946.805438, 125
1619607946.820297, 125
1619607946.835539, 124
1619607946.849062, 125
1619607946.864087, 124
1619607946.877969, 125
1619607946.892946, 125
1619607946.907017, 126
1619607946.921936, 125
1619607946.936059, 125
1619607946.950943, 125
1619607946.965813, 126
1619607946.979527, 124
1619607946.993655, 126
1619607947.007747, 126
1619607947.021662, 125
1619607947.035928, 124
1619607947.051568, 124
1619607947.066069, 124
1619607947.080281, 124
1619607947.094215, 125
1619607947.108334, 124
1619607947.122332, 125
1619607947.136400, 125
1619607947.150050, 124
1619607947.164211, 125
1619607947.179203, 125
1619607947.192839, 125
1619607947.206872, 125
1619607947.220897, 126
1619607947.234883, 125
1619607947.249767, 125
1619607947.263042, 126
1619607947.277302, 127
1619607947.290755, 126
1619607947.305151, 126
1619607947.319002, 125
1619607947.332572, 127
1619607947.346058, 127
1619607947.360157, 126
1619607947.373604, 125
1619607947.387565, 127
1619607947.400892, 126
1619607947.414152, 126
1619607947.428489, 125
1619607947.441610, 126
1619607947.456132, 126
1619607947.470213, 125
1619607947.484249, 125
1619607947.498341, 126
1619607947.512632, 125
1619607947.525227, 125
1619607947.539295, 124
1619607947.553698, 125
1619607947.567216, 125
1619607947.580553, 126
1619607947.593583, 127
1619607947.606521, 126
1619607947.619796, 126
1619607947.632205, 126
1619607947.645640, 127
1619607947.659499, 127
1619607947.673477, 126
1619607947.686984, 126
1619607947.701654, 126
1619607947.714745, 126
1619607947.729322, 126
1619607947.744333, 126
1619607947.758431, 127
1619607947.772971, 126
1619607947.787630, 127
1619607947.801635, 126
1619607947.815523, 127
1619607947.830072, 126
1619607947.843661, 126
1619607947.857056, 126
1619607947.871628, 125
1619607947.885182, 127
1619607947.898767, 126
1619607947.912380, 126
1619607947.926269, 125
1619607947.940464, 126
1619607947.954115, 127
1619607947.968407, 126
1619607947.981440, 126
1619607947.994377, 127
1619607948.008281, 127
1619607948.022610, 126
1619607948.036584, 126
1619607948.050112, 127
1619607948.063135, 127
1619607948.076064, 127
1619607948.089464, 126
1619607948.103118, 127
1619607948.117174, 128
1619607948.130983, 127
1619607948.144208, 126
1619607948.157665, 127
1619607948.171511, 126
1619607948.185410, 126
1619607948.199910, 128
1619607948.213856, 128
1619607948.227107, 128
1619607948.240381, 127
1619607948.253817, 128
1619607948.267350, 128
1619607948.280931, 128
1619607948.294721, 127
1619607948.308170, 126
1619607948.322331, 127
1619607948.336448, 126
1619607948.350680, 126
1619607948.364767, 127
1619607948.377742, 128
1619607948.391721, 126
1619607948.405245, 126
1619607948.418785, 128
1619607948.432290, 128
1619607948.445882, 126
1619607948.460157, 127
1619607948.473622, 127
1619607948.487507, 129
1619607948.500708, 128
1619607948.513800, 127
1619607948.527133, 129
1619607948.541622, 128
1619607948.554746, 128
1619607948.567878, 128
1619607948.581231, 127
1619607948.594679, 127
1619607948.609238, 127
1619607948.622781, 127
1619607948.637004, 128
1619607948.650718, 129
1619607948.664224, 128
1619607948.677648, 128
1619607948.690705, 128
1619607948.705265, 126
1619607948.718488, 128
1619607948.732479, 128
1619607948.746445, 127
1619607948.760423, 128
1619607948.773438, 127
1619607948.786460, 127
1619607948.800480, 127
1619607948.813699, 126
1619607948.827391, 129
1619607948.841958, 128
1619607948.855692, 128
1619607948.869727, 128
1619607948.883772, 128
1619607948.897827, 128
1619607948.912330, 129
1619607948.926880, 128
1619607948.940511, 128
1619607948.953933, 129
1619607948.967013, 128
1619607948.980722, 129
1619607948.993538, 128
1619607949.006990, 129
1619607949.022139, 128
1619607949.035864, 129
1619607949.049922, 129
1619607949.063567, 128
1619607949.077425, 128
1619607949.092056, 129
1619607949.105602, 128
1619607949.119805, 128
1619607949.134072, 127
1619607949.147707, 128
1619607949.161224, 128
1619607949.175149, 129
1619607949.189164, 129
1619607949.202677, 128
1619607949.217327, 128
1619607949.230444, 129
1619607949.244436, 129
1619607949.259186, 128
1619607949.273380, 128
1619607949.287761, 130
1619607949.301420, 129
1619607949.315237, 130
1619607949.329253, 129
1619607949.343508, 129
1619607949.357073, 130
1619607949.370304, 130
1619607949.384608, 129
1619607949.398167, 130
1619607949.412454, 129
1619607949.426374, 129
1619607949.440349, 129
1619607949.454431, 129
1619607949.468862, 129
1619607949.481809, 129
1619607949.495799, 129
1619607949.510063, 130
1619607949.524062, 129
1619607949.538356, 129
1619607949.551291, 129
1619607949.564472, 128
1619607949.577611, 129
1619607949.592075, 129
1619607949.605252, 129
1619607949.619555, 129
1619607949.633243, 130
1619607949.647272, 129
1619607949.661167, 128
1619607949.675336, 129
1619607949.689231, 129
1619607949.703312, 129
1619607949.717255, 129
1619607949.731294, 130
1619607949.745422, 129
1619607949.760275, 129
1619607949.774324, 129
1619607949.787906, 131
1619607949.802515, 130
1619607949.816520, 129
1619607949.829973, 131
1619607949.843963, 131
1619607949.858568, 131
1619607949.873085, 130
1619607949.887369, 130
1619607949.901258, 129
1619607949.915167, 130
1619607949.928938, 130
1619607949.943840, 130
1619607949.957796, 130
1619607949.971731, 129
1619607949.985340, 128
1619607949.998943, 130
1619607950.013156, 130
1619607950.027132, 129
1619607950.041179, 129
1619607950.054225, 129
1619607950.068312, 129
1619607950.082332, 129
1619607950.096446, 129
1619607950.110409, 131
1619607950.123891, 131
1619607950.137692, 130
1619607950.151778, 131
1619607950.166226, 131
1619607950.181445, 130
1619607950.197084, 131
1619607950.210662, 131
1619607950.225139, 130
1619607950.238818, 131
1619607950.252888, 131
1619607950.266517, 130
1619607950.280763, 130
1619607950.294528, 130
1619607950.308207, 130
1619607950.322366, 131
1619607950.336711, 130
1619607950.350090, 130
1619607950.363615, 130
1619607950.378084, 131
1619607950.391697, 130
1619607950.405164, 129
1619607950.419151, 130
1619607950.433677, 130
1619607950.447411, 131
1619607950.463499, 130
1619607950.477252, 130
1619607950.491046, 131
1619607950.505377, 130
1619607950.518468, 130
1619607950.531560, 132
1619607950.545479, 131
1619607950.558914, 131
1619607950.573212, 130
1619607950.587221, 131
1619607950.601684, 131
1619607950.615807, 132
1619607950.630216, 131
1619607950.643797, 131
1619607950.658178, 132
1619607950.671968, 130
1619607950.685789, 131
1619607950.699366, 132
1619607950.713314, 131
1619607950.727351, 131
1619607950.741299, 131
1619607950.754224, 132
1619607950.768731, 131
1619607950.782298, 131
1619607950.795965, 130
1619607950.809827, 130
1619607950.823822, 132
1619607950.837302, 130
1619607950.851288, 131
1619607950.865791, 132
1619607950.879788, 131
1619607950.892566, 132
1619607950.905574, 130
1619607950.919057, 131
1619607950.932450, 130
1619607950.947121, 131
1619607950.960983, 131
1619607950.974269, 132
1619607950.988529, 133
1619607951.001984, 132
1619607951.016187, 131
1619607951.029598, 132
1619607951.043085, 131
1619607951.057176, 131
1619607951.071714, 131
1619607951.086296, 132
1619607951.100874, 132
1619607951.114215, 132
1619607951.129641, 132
1619607951.142831, 132
1619607951.156319, 133
1619607951.169200, 133
1619607951.183856, 131
1619607951.197801, 131
1619607951.211998, 132
1619607951.226081, 133
1619607951.240112, 133
1619607951.254143, 133
1619607951.268643, 132
1619607951.282994, 131
1619607951.297061, 131
1619607951.310940, 131
1619607951.324963, 131
1619607951.338758, 130
1619607951.352550, 131
1619607951.366103, 132
1619607951.379706, 132
1619607951.392607, 132
1619607951.406148, 133
1619607951.419641, 132
1619607951.433148, 132
1619607951.446643, 133
1619607951.460704, 132
1619607951.474133, 132
1619607951.487318, 132
1619607951.500324, 132
1619607951.513845, 133
1619607951.526694, 132
1619607951.539617, 132
1619607951.552828, 133
1619607951.566567, 133
1619607951.580629, 132
1619607951.594689, 132
1619607951.608710, 131
1619607951.622662, 132
1619607951.636439, 133
1619607951.650504, 132
1619607951.664754, 132
1619607951.678166, 132
1619607951.692264, 132
1619607951.705616, 132
1619607951.719796, 132
1619607951.733225, 131
1619607951.746709, 132
1619607951.760718, 132
1619607951.775282, 131
1619607951.788725, 132
1619607951.802707, 133
1619607951.816741, 133
1619607951.831439, 133
1619607951.845538, 133
1619607951.859603, 134
1619607951.873676, 134
1619607951.887272, 133
1619607951.901126, 133
1619607951.915070, 133
1619607951.929063, 134
1619607951.942190, 133
1619607951.955816, 133
1619607951.969345, 133
1619607951.983099, 133
1619607951.998035, 133
1619607952.011593, 134
1619607952.025100, 133
1619607952.039830, 133
1619607952.053283, 133
1619607952.066134, 134
1619607952.079343, 134
1619607952.092425, 135
1619607952.105850, 134
1619607952.119737, 133
1619607952.132679, 132
1619607952.147114, 133
1619607952.161208, 133
1619607952.175392, 132
1619607952.188877, 133
1619607952.202933, 133
1619607952.215914, 132
1619607952.229433, 133
1619607952.242957, 133
1619607952.256933, 133
1619607952.271252, 133
1619607952.285259, 134
1619607952.299737, 133
1619607952.313139, 133
1619607952.327075, 134
1619607952.341567, 133
1619607952.355369, 133
1619607952.370204, 134
1619607952.384469, 134
1619607952.398451, 135
1619607952.412766, 133
1619607952.426460, 135
1619607952.439503, 134
1619607952.452498, 134
1619607952.465865, 133
1619607952.479695, 134
1619607952.494102, 135
1619607952.508046, 134
1619607952.521484, 134
1619607952.535364, 133
1619607952.549237, 134
1619607952.562259, 135
1619607952.576283, 134
1619607952.589696, 133
1619607952.603559, 132
1619607952.617902, 133
1619607952.633001, 133
1619607952.647861, 134
1619607952.662119, 134
1619607952.676765, 134
1619607952.690732, 134
1619607952.704436, 134
1619607952.718684, 135
1619607952.732551, 135
1619607952.747744, 134
1619607952.761717, 135
1619607952.776109, 136
1619607952.790549, 135
1619607952.804478, 135
1619607952.818365, 135
1619607952.832479, 135
1619607952.845676, 135
1619607952.859203, 135
1619607952.872656, 134
1619607952.886018, 136
1619607952.899095, 135
1619607952.912624, 136
1619607952.926162, 135
1619607952.939738, 135
1619607952.954450, 135
1619607952.967538, 135
1619607952.980950, 135
1619607952.994932, 136
1619607953.008339, 135
1619607953.022909, 135
1619607953.036923, 134
1619607953.050486, 133
1619607953.063736, 135
1619607953.077281, 135
1619607953.091790, 133
1619607953.105779, 133
1619607953.120249, 134
1619607953.134106, 135
1619607953.148098, 135
1619607953.162161, 135
1619607953.175983, 134
1619607953.189132, 135
1619607953.202677, 135
1619607953.216216, 134
1619607953.229130, 135
1619607953.243430, 135
1619607953.258192, 135
1619607953.272735, 135
1619607953.286944, 135
1619607953.301477, 135
1619607953.315916, 135
1619607953.329692, 134
1619607953.343432, 134
1619607953.356803, 135
1619607953.370370, 135
1619607953.383670, 136
1619607953.397601, 136
1619607953.411509, 135
1619607953.424944, 136
1619607953.438510, 135
1619607953.452003, 134
1619607953.465016, 135
1619607953.478582, 135
1619607953.491491, 134
1619607953.505011, 135
1619607953.518212, 134
1619607953.531462, 135
1619607953.546093, 134
1619607953.559201, 135
1619607953.573258, 135
1619607953.587417, 136
1619607953.601558, 136
1619607953.615606, 135
1619607953.629253, 136
1619607953.643377, 135
1619607953.657089, 135
1619607953.670579, 135
1619607953.684158, 136
1619607953.697636, 135
1619607953.711281, 136
1619607953.724651, 136
1619607953.738253, 136
1619607953.751698, 137
1619607953.764733, 137
1619607953.778765, 136
1619607953.792727, 135
1619607953.806105, 136
1619607953.819738, 136
1619607953.832653, 136
1619607953.845886, 136
1619607953.858688, 137
1619607953.873221, 136
1619607953.886348, 135
1619607953.901167, 135
1619607953.914910, 135
1619607953.929195, 135
1619607953.943443, 135
1619607953.958266, 135
1619607953.972410, 135
1619607953.985880, 135
1619607954.000216, 136
1619607954.013432, 136
1619607954.028047, 136
1619607954.042830, 136
1619607954.057302, 136
1619607954.071957, 137
1619607954.085648, 137
1619607954.099301, 136
1619607954.114318, 136
1619607954.129295, 137
1619607954.143208, 137
1619607954.157113, 137
1619607954.170771, 136
1619607954.184484, 136
1619607954.198291, 136
1619607954.212595, 136
1619607954.226935, 136
1619607954.241420, 137
1619607954.256256, 137
1619607954.270678, 138
1619607954.284275, 138
1619607954.298169, 137
1619607954.312134, 136
1619607954.325643, 135
1619607954.339619, 136
1619607954.353753, 136
1619607954.367732, 136
1619607954.382152, 137
1619607954.396072, 136
1619607954.409491, 137
1619607954.422856, 136
1619607954.437194, 137
1619607954.451617, 137
1619607954.466186, 138
1619607954.480849, 138
1619607954.494424, 137
1619607954.507839, 137
1619607954.522380, 138
1619607954.536336, 137
1619607954.551427, 137
1619607954.565655, 136
1619607954.579614, 136
1619607954.593657, 138
1619607954.607732, 138
1619607954.621477, 138
1619607954.635651, 137
1619607954.649683, 137
1619607954.663975, 137
1619607954.677911, 137
1619607954.691712, 136
1619607954.705301, 137
1619607954.718655, 138
1619607954.732856, 138
1619607954.747520, 137
1619607954.761915, 137
1619607954.776310, 137
1619607954.790775, 137
1619607954.805209, 137
1619607954.819771, 137
1619607954.834626, 137
1619607954.848211, 137
1619607954.862209, 137
1619607954.875901, 138
1619607954.889081, 138
1619607954.903189, 137
1619607954.917247, 137
1619607954.930403, 138
1619607954.944701, 138
1619607954.958164, 138
1619607954.973238, 138
1619607954.987161, 136
1619607955.001868, 138
1619607955.015837, 138
1619607955.030864, 136
1619607955.043987, 138
1619607955.057897, 138
1619607955.071775, 138
1619607955.086585, 138
1619607955.100488, 138
1619607955.114284, 138
1619607955.128355, 138
1619607955.142469, 138
1619607955.156290, 138
1619607955.170503, 139
1619607955.184568, 139
1619607955.198703, 137
1619607955.212623, 138
1619607955.225396, 137
1619607955.239494, 137
1619607955.253400, 137
1619607955.267488, 137
1619607955.281282, 138
1619607955.295511, 138
1619607955.309849, 137
1619607955.323680, 138
1619607955.337374, 138
1619607955.351496, 139
1619607955.366535, 138
1619607955.380915, 138
1619607955.394306, 138
1619607955.408471, 138
1619607955.422972, 137
1619607955.437996, 138
1619607955.452453, 139
1619607955.466214, 139
1619607955.479427, 139
1619607955.492416, 139
1619607955.506229, 139
1619607955.520019, 140
1619607955.533331, 139
1619607955.547386, 139
1619607955.561109, 139
1619607955.575068, 139
1619607955.588907, 139
1619607955.602493, 139
1619607955.615977, 138
1619607955.630497, 140
1619607955.644642, 138
1619607955.658569, 138
1619607955.672774, 138
1619607955.686668, 139
1619607955.700687, 137
1619607955.714169, 137
1619607955.727838, 138
1619607955.741221, 137
1619607955.754715, 138
1619607955.768702, 138
1619607955.782217, 139
1619607955.795648, 139
1619607955.809488, 139
1619607955.823021, 140
1619607955.836495, 139
1619607955.849540, 138
1619607955.863139, 139
1619607955.876590, 139
1619607955.889643, 140
1619607955.903110, 138
1619607955.916617, 139
1619607955.930152, 139
1619607955.943325, 139
1619607955.957049, 139
1619607955.970365, 140
1619607955.984746, 139
1619607955.998886, 139
1619607956.012697, 139
1619607956.027413, 139
1619607956.041800, 140
1619607956.055390, 139
1619607956.069302, 140
1619607956.083457, 139
1619607956.097975, 139
1619607956.111484, 138
1619607956.126348, 138
1619607956.141016, 139
1619607956.154573, 138
1619607956.169146, 138
1619607956.183211, 139
1619607956.198138, 139
1619607956.212604, 138
1619607956.226161, 139
1619607956.240197, 140
1619607956.254195, 140
1619607956.268516, 139
1619607956.282541, 140
1619607956.296263, 141
1619607956.309674, 140
1619607956.323675, 139
1619607956.336794, 140
1619607956.350776, 140
1619607956.364111, 140
1619607956.377759, 139
1619607956.391801, 139
1619607956.404966, 140
1619607956.419031, 140
1619607956.432931, 139
1619607956.446421, 139
1619607956.460479, 140
1619607956.474347, 139
1619607956.488370, 140
1619607956.501585, 140
1619607956.515524, 140
1619607956.529648, 141
1619607956.543698, 139
1619607956.557246, 140
1619607956.571813, 139
1619607956.585752, 140
1619607956.599553, 139
1619607956.613080, 140
1619607956.626040, 139
1619607956.640197, 140
1619607956.653786, 139
1619607956.667363, 141
1619607956.680778, 140
1619607956.694349, 139
1619607956.707556, 141
1619607956.721695, 141
1619607956.735198, 140
1619607956.748214, 139
1619607956.760795, 141
1619607956.774317, 141
1619607956.787172, 140
1619607956.800619, 140
1619607956.815075, 140
1619607956.828059, 141
1619607956.841719, 141
1619607956.856242, 140
1619607956.870143, 140
1619607956.884655, 141
1619607956.898794, 141
1619607956.912692, 141
1619607956.926940, 141
1619607956.941230, 141
1619607956.954733, 141
1619607956.969176, 141
1619607956.983259, 141
1619607956.997721, 141
1619607957.012261, 140
1619607957.026375, 139
1619607957.040759, 140
1619607957.054363, 140
1619607957.068622, 139
1619607957.083265, 140
1619607957.097197, 140
1619607957.111263, 140
1619607957.124727, 140
1619607957.138212, 141
1619607957.151800, 140
1619607957.165297, 141
1619607957.178813, 141
1619607957.192625, 142
1619607957.206107, 141
1619607957.219619, 142
1619607957.233129, 141
1619607957.246109, 141
1619607957.259279, 142
1619607957.273116, 141
1619607957.286041, 141
1619607957.299582, 141
1619607957.313864, 141
1619607957.328413, 141
1619607957.342440, 141
1619607957.356782, 141
1619607957.370707, 141
1619607957.385128, 142
1619607957.398508, 141
1619607957.412418, 141
1619607957.426240, 142
1619607957.440715, 141
1619607957.453710, 140
1619607957.468711, 140
1619607957.482902, 140
1619607957.496681, 140
1619607957.510396, 141
1619607957.523663, 141
1619607957.536608, 142
1619607957.549955, 141
1619607957.564197, 141
1619607957.577820, 141
1619607957.591688, 141
1619607957.605574, 141
1619607957.620125, 141
1619607957.633930, 142
1619607957.647573, 141
1619607957.662106, 141
1619607957.675760, 141
1619607957.690916, 142
1619607957.705024, 143
1619607957.719044, 142
1619607957.732882, 142
1619607957.746791, 143
1619607957.760790, 142
1619607957.774704, 142
1619607957.788919, 141
1619607957.802544, 141
1619607957.816445, 143
1619607957.829695, 142
1619607957.844462, 141
1619607957.858902, 142
1619607957.872743, 142
1619607957.886654, 143
1619607957.900482, 142
1619607957.913944, 141
1619607957.928405, 141
1619607957.942846, 141
1619607957.956733, 141
1619607957.970017, 140
1619607957.983086, 141
1619607957.996943, 141
1619607958.010255, 142
1619607958.024502, 141
1619607958.037628, 141
1619607958.050837, 142
1619607958.064732, 143
1619607958.078768, 143
1619607958.092699, 141
1619607958.106590, 143
1619607958.121664, 143
1619607958.135727, 143
1619607958.150112, 143
1619607958.164926, 142
1619607958.179032, 142
1619607958.193210, 142
1619607958.207415, 143
1619607958.221454, 142
1619607958.235555, 142
1619607958.248799, 143
1619607958.261954, 142
1619607958.275325, 143
1619607958.289356, 143
1619607958.303479, 143
1619607958.317497, 143
1619607958.331777, 142
1619607958.345667, 142
1619607958.359726, 142
1619607958.373881, 142
1619607958.387871, 141
1619607958.401913, 141
1619607958.416059, 142
1619607958.429975, 142
1619607958.443211, 141
1619607958.457259, 141
1619607958.470676, 143
1619607958.483619, 142
1619607958.497308, 142
1619607958.511624, 142
1619607958.525697, 143
1619607958.539987, 142
1619607958.552946, 142
1619607958.567167, 143
1619607958.581038, 143
1619607958.595122, 143
1619607958.609185, 143
1619607958.623197, 143
1619607958.637317, 143
1619607958.652401, 143
1619607958.666366, 143
1619607958.680471, 143
1619607958.695404, 142
1619607958.709494, 142
1619607958.724152, 144
1619607958.737680, 143
1619607958.752036, 143
1619607958.767183, 143
1619607958.781144, 143
1619607958.795297, 143
1619607958.809277, 143
1619607958.822711, 142
1619607958.837638, 141
1619607958.851529, 142
1619607958.866521, 142
1619607958.880679, 142
1619607958.894720, 142
1619607958.908801, 142
1619607958.922789, 142
1619607958.936889, 142
1619607958.950011, 143
1619607958.964073, 143
1619607958.978467, 144
1619607958.993414, 143
1619607959.007826, 143
1619607959.022760, 144
1619607959.036874, 143
1619607959.050960, 143
1619607959.064995, 144
1619607959.079085, 143
1619607959.093177, 144
1619607959.107403, 143
1619607959.122333, 144
1619607959.137393, 144
1619607959.151545, 143
1619607959.165805, 143
1619607959.179957, 145
1619607959.193767, 143
1619607959.206957, 143
1619607959.221064, 144
1619607959.235124, 144
1619607959.249136, 144
1619607959.263369, 143
1619607959.277179, 143
1619607959.291435, 143
1619607959.304651, 144
1619607959.318077, 143
1619607959.331365, 143
1619607959.345629, 144
1619607959.359057, 144
1619607959.373147, 143
1619607959.387659, 143
1619607959.402376, 144
1619607959.415987, 144
1619607959.429822, 144
1619607959.445000, 144
1619607959.459273, 143
1619607959.473431, 144
1619607959.487752, 144
1619607959.501879, 144
1619607959.515989, 143
1619607959.529206, 143
1619607959.543405, 145
1619607959.557612, 145
1619607959.572148, 144
1619607959.586085, 145
1619607959.600304, 145
1619607959.614540, 144
1619607959.628672, 145
1619607959.642753, 144
1619607959.656933, 144
1619607959.671163, 144
1619607959.684405, 144
1619607959.698040, 145
1619607959.711968, 144
1619607959.725484, 144
1619607959.739546, 143
1619607959.753594, 143
1619607959.767813, 143
1619607959.781102, 144
1619607959.795244, 143
1619607959.809405, 143
1619607959.823637, 142
1619607959.837752, 143
1619607959.851716, 144
1619607959.865214, 144
1619607959.879443, 145
1619607959.893515, 145
1619607959.907778, 145
1619607959.921826, 143
1619607959.935092, 145
1619607959.948319, 145
1619607959.961644, 145
1619607959.974635, 145
1619607959.987859, 146
1619607960.001312, 146
1619607960.014574, 146
1619607960.028742, 146
1619607960.042287, 146
1619607960.056972, 146
1619607960.071375, 146
1619607960.085280, 145
1619607960.099656, 146
1619607960.113913, 146
1619607960.127142, 145
1619607960.142287, 146
1619607960.157292, 147
1619607960.170544, 147
1619607960.183809, 146
1619607960.198884, 145
1619607960.214046, 146
1619607960.227426, 145
1619607960.241526, 145
1619607960.255050, 145
1619607960.268884, 145
1619607960.282452, 144
1619607960.295335, 146
1619607960.308846, 145
1619607960.322400, 146
1619607960.335980, 146
1619607960.349593, 147
1619607960.363900, 147
1619607960.377448, 146
1619607960.391209, 146
1619607960.405364, 145
1619607960.418893, 145
1619607960.432558, 146
1619607960.445709, 146
1619607960.458906, 146
1619607960.472539, 146
1619607960.487339, 147
1619607960.501630, 146
1619607960.515174, 145
1619607960.528731, 146
1619607960.543103, 146
1619607960.556663, 145
1619607960.570272, 145
1619607960.584618, 145
1619607960.598967, 145
1619607960.613489, 145
1619607960.627120, 145
1619607960.641428, 147
1619607960.655786, 147
1619607960.670203, 145
1619607960.684405, 144
1619607960.697969, 145
1619607960.712292, 145
1619607960.727425, 146
1619607960.742468, 146
1619607960.756747, 146
1619607960.770321, 145
1619607960.784164, 146
1619607960.797329, 146
1619607960.810635, 146
1619607960.824945, 146
1619607960.838560, 146
1619607960.852199, 147
1619607960.865851, 146
1619607960.879388, 146
1619607960.892202, 147
1619607960.906570, 147
1619607960.920185, 146
1619607960.933792, 146
1619607960.947817, 146
1619607960.962213, 146
1619607960.975656, 147
1619607960.989963, 146
1619607961.003455, 147
1619607961.017796, 146
1619607961.031436, 146
1619607961.044401, 145
1619607961.058506, 147
1619607961.071631, 147
1619607961.085673, 147
1619607961.100319, 147
1619607961.113187, 146
1619607961.126747, 146
1619607961.140338, 146
1619607961.153563, 146
1619607961.168305, 145
1619607961.181826, 146
1619607961.196562, 147
1619607961.209753, 145
1619607961.224104, 146
1619607961.238430, 147
1619607961.252753, 148
1619607961.267106, 147
1619607961.280647, 146
1619607961.294999, 147
1619607961.308333, 147
1619607961.321512, 147
1619607961.334588, 147
1619607961.348878, 148
1619607961.363207, 147
1619607961.376798, 147
1619607961.391146, 146
1619607961.405507, 147
1619607961.419476, 147
1619607961.433514, 148
1619607961.447930, 147
1619607961.462270, 148
1619607961.477335, 148
1619607961.490848, 148
1619607961.505149, 147
1619607961.518783, 147
1619607961.533122, 148
1619607961.546877, 147
1619607961.561414, 147
1619607961.576025, 147
1619607961.590166, 147
1619607961.603771, 146
1619607961.618216, 147
1619607961.631760, 146
1619607961.645534, 146
1619607961.659933, 146
1619607961.673401, 146
1619607961.687021, 147
1619607961.702284, 146
1619607961.715509, 147
1619607961.729676, 147
1619607961.744760, 148
1619607961.758852, 147
1619607961.772657, 147
1619607961.786224, 149
1619607961.799923, 148
1619607961.813633, 147
1619607961.828228, 147
1619607961.841583, 148
1619607961.855973, 147
1619607961.869480, 148
1619607961.883904, 148
1619607961.898253, 148
1619607961.911931, 148
1619607961.925800, 147
1619607961.940164, 146
1619607961.953367, 148
1619607961.967676, 147
1619607961.982857, 147
1619607961.997127, 149
1619607962.010774, 149
1619607962.025123, 148
1619607962.038716, 148
1619607962.052371, 149
1619607962.066625, 147
1619607962.080289, 147
1619607962.093976, 147
1619607962.107888, 148
1619607962.122638, 148
1619607962.137474, 147
1619607962.152012, 147
1619607962.166391, 147
1619607962.180020, 149
1619607962.194067, 148
1619607962.208368, 148
1619607962.222742, 147
1619607962.237884, 149
1619607962.251875, 148
1619607962.265009, 148
1619607962.279855, 149
1619607962.293644, 148
1619607962.308178, 148
1619607962.321796, 149
1619607962.335119, 148
1619607962.348775, 148
1619607962.362420, 147
1619607962.376487, 148
1619607962.390821, 150
1619607962.406027, 148
1619607962.420647, 149
1619607962.434988, 149
1619607962.448888, 149
1619607962.463225, 149
1619607962.479439, 148
1619607962.493524, 148
1619607962.507776, 149
1619607962.522081, 149
1619607962.535644, 149
1619607962.548901, 149
1619607962.562659, 148
1619607962.577006, 148
1619607962.590576, 147
1619607962.604159, 148
1619607962.619424, 147
1619607962.634440, 147
1619607962.649541, 149
1619607962.663934, 150
1619607962.678978, 149
1619607962.693026, 148
1619607962.706507, 150
1619607962.719824, 149
1619607962.733347, 148
1619607962.747722, 147
1619607962.761989, 149
1619607962.775893, 149
1619607962.789384, 148
1619607962.802888, 149
1619607962.816508, 148
1619607962.830819, 148
1619607962.845207, 148
1619607962.859583, 148
1619607962.873962, 148
1619607962.887495, 150
1619607962.900346, 149
1619607962.914578, 150
1619607962.928964, 149
1619607962.943344, 149
1619607962.957618, 149
1619607962.971261, 149
1619607962.986417, 149
1619607963.000661, 149
1619607963.014622, 148
1619607963.028995, 148
1619607963.041998, 148
1619607963.057013, 148
1619607963.070598, 147
1619607963.084926, 148
1619607963.099292, 149
1619607963.112875, 149
1619607963.126673, 148
1619607963.140311, 149
1619607963.155290, 148
1619607963.169602, 150
1619607963.183954, 149
1619607963.197594, 149
1619607963.211223, 149
1619607963.225550, 149
1619607963.239731, 149
1619607963.253840, 149
1619607963.268181, 150
1619607963.282251, 149
1619607963.295467, 149
1619607963.309051, 149
1619607963.322812, 149
1619607963.337203, 149
1619607963.350769, 148
1619607963.364410, 149
1619607963.379550, 150
1619607963.393438, 149
1619607963.408386, 150
1619607963.423476, 149
1619607963.438615, 149
1619607963.452899, 148
1619607963.467491, 148
1619607963.480892, 149
1619607963.495512, 148
1619607963.509547, 147
1619607963.523914, 149
1619607963.538912, 148
1619607963.552726, 148
1619607963.568125, 147
1619607963.582519, 149
1619607963.595507, 150
1619607963.609007, 149
1619607963.622611, 149
1619607963.636165, 148
1619607963.650941, 147
1619607963.664968, 148
1619607963.678592, 148
1619607963.691701, 148
1619607963.705344, 148
1619607963.718976, 147
1619607963.732385, 147
1619607963.745957, 147
1619607963.759566, 147
1619607963.773899, 146
1619607963.787895, 147
1619607963.802175, 147
1619607963.816559, 146
1619607963.830180, 146
1619607963.844503, 145
1619607963.858917, 146
1619607963.873576, 145
1619607963.887222, 145
1619607963.901175, 145
1619607963.915537, 145
1619607963.928650, 144
1619607963.942949, 142
1619607963.957302, 142
1619607963.971444, 143
1619607963.985591, 137
1619607963.999224, 132
1619607964.012784, 127
1619607964.026394, 122
1619607964.039978, 117
1619607964.054304, 111
1619607964.067793, 107
1619607964.080680, 101
1619607964.093603, 96
1619607964.107221, 91
1619607964.120659, 86
1619607964.135168, 79
1619607964.148752, 74
1619607964.163146, 71
1619607964.178671, 72
1619607964.191875, 71
1619607964.206234, 72
1619607964.220553, 71
1619607964.235770, 71
1619607964.250000, 71
1619607964.264063, 71
1619607964.277907, 71
1619607964.291490, 71
1619607964.305804, 72
1619607964.319411, 72
1619607964.333701, 71
1619607964.348783, 73
1619607964.363291, 73
1619607964.378263, 73
1619607964.392579, 73
1619607964.407874, 74
1619607964.423599, 73
1619607964.437922, 73
1619607964.451732, 73
1619607964.465817, 74
1619607964.480128, 73
1619607964.495230, 72
1619607964.509481, 71
1619607964.523441, 71
1619607964.537602, 72
1619607964.551237, 73
1619607964.566049, 72
1619607964.579717, 73
1619607964.593238, 72
1619607964.607238, 72
1619607964.621477, 73
1619607964.634407, 72
1619607964.648070, 73
1619607964.662179, 73
1619607964.675986, 74
1619607964.691746, 73
1619607964.705152, 73
1619607964.718834, 73
1619607964.732890, 73
1619607964.747166, 74
1619607964.761467, 73
1619607964.775229, 74
1619607964.789534, 74
1619607964.803122, 74
1619607964.817418, 73
1619607964.831031, 73
1619607964.845381, 74
1619607964.859713, 73
1619607964.873218, 72
1619607964.886861, 72
1619607964.901120, 73
1619607964.915626, 73
1619607964.929845, 73
1619607964.944102, 75
1619607964.957998, 74
1619607964.972283, 74
1619607964.985614, 75
1619607964.999931, 74
1619607965.012757, 75
1619607965.025900, 74
1619607965.040446, 74
1619607965.054720, 74
1619607965.067538, 74
1619607965.081201, 74
1619607965.095756, 74
1619607965.109382, 74
1619607965.123711, 75
1619607965.138155, 74
1619607965.152520, 73
1619607965.166090, 74
1619607965.179605, 74
1619607965.193971, 74
1619607965.207628, 73
1619607965.221256, 74
1619607965.234779, 76
1619607965.249118, 75
1619607965.263485, 74
1619607965.277932, 76
1619607965.291288, 75
1619607965.304566, 75
1619607965.318115, 76
1619607965.331180, 76
1619607965.344804, 75
1619607965.359230, 76
1619607965.372692, 75
1619607965.387023, 75
1619607965.402119, 73
1619607965.416950, 75
1619607965.430335, 74
1619607965.443989, 73
1619607965.457581, 74
1619607965.471467, 75
1619607965.485653, 74
1619607965.499921, 76
1619607965.513783, 75
1619607965.527372, 75
1619607965.541222, 74
1619607965.556346, 76
1619607965.569971, 75
1619607965.583514, 77
1619607965.597130, 77
1619607965.610996, 76
1619607965.625195, 76
1619607965.639378, 76
1619607965.653751, 75
1619607965.668091, 76
1619607965.681527, 75
1619607965.694789, 77
1619607965.708717, 76
1619607965.722422, 75
1619607965.736638, 75
1619607965.750282, 75
1619607965.764513, 75
1619607965.777338, 75
1619607965.790957, 76
1619607965.805247, 75
1619607965.818878, 75
1619607965.833240, 75
1619607965.846803, 76
1619607965.860399, 76
1619607965.873241, 77
1619607965.886834, 78
1619607965.900495, 77
1619607965.914255, 76
1619607965.927650, 78
1619607965.940455, 77
1619607965.954114, 77
1619607965.968019, 76
1619607965.982031, 77
1619607965.995909, 78
1619607966.009926, 76
1619607966.024534, 75
1619607966.038877, 77
1619607966.052461, 77
1619607966.066507, 75
1619607966.081132, 76
1619607966.095678, 77
1619607966.109229, 76
1619607966.123470, 76
1619607966.137817, 78
1619607966.151462, 78
1619607966.165820, 77
1619607966.179980, 78
1619607966.194249, 77
1619607966.209264, 78
1619607966.222861, 78
1619607966.238156, 77
1619607966.251044, 77
1619607966.265358, 78
1619607966.279708, 77
1619607966.294096, 77
1619607966.308113, 78
1619607966.321497, 77
1619607966.336350, 77
1619607966.349904, 75
1619607966.364012, 77
1619607966.378402, 76
1619607966.393424, 77
1619607966.407937, 76
1619607966.422813, 77
1619607966.437990, 77
1619607966.452995, 79
1619607966.466534, 79
1619607966.481606, 79
1619607966.495173, 78
1619607966.508852, 78
1619607966.522320, 78
1619607966.535956, 78
1619607966.551091, 78
1619607966.565342, 78
1619607966.579725, 78
1619607966.593205, 79
1619607966.607166, 77
1619607966.620082, 77
1619607966.633554, 77
1619607966.647115, 78
1619607966.660748, 77
1619607966.674374, 77
1619607966.687817, 79
1619607966.701598, 79
1619607966.715775, 78
1619607966.730821, 79
1619607966.744420, 79
1619607966.759512, 78
1619607966.773311, 78
1619607966.787671, 79
1619607966.801456, 80
1619607966.815478, 80
1619607966.829011, 79
1619607966.842634, 78
1619607966.856195, 80
1619607966.869765, 80
1619607966.883454, 79
1619607966.897626, 79
1619607966.911194, 79
1619607966.924945, 79
1619607966.938578, 78
1619607966.952929, 79
1619607966.966851, 78
1619607966.980414, 78
1619607966.994711, 78
1619607967.009002, 78
1619607967.022553, 79
1619607967.036207, 79
1619607967.050161, 79
1619607967.063840, 79
1619607967.077356, 79
1619607967.090787, 80
1619607967.104958, 79
1619607967.119319, 80
1619607967.132858, 81
1619607967.147223, 81
1619607967.161023, 81
1619607967.175387, 82
1619607967.189642, 82
1619607967.204044, 82
1619607967.218435, 80
1619607967.232257, 80
1619607967.246213, 80
1619607967.259783, 80
1619607967.273517, 79
1619607967.287822, 80
1619607967.301639, 80
1619607967.315240, 80
1619607967.328626, 79
1619607967.341925, 80
1619607967.355722, 81
1619607967.370626, 81
1619607967.384172, 80
1619607967.397726, 80
1619607967.411316, 82
1619607967.424523, 81
1619607967.437435, 80
1619607967.450678, 81
1619607967.465023, 80
1619607967.478606, 80
1619607967.492890, 81
1619607967.507014, 82
1619607967.521279, 81
1619607967.536103, 79
1619607967.550070, 78
1619607967.564371, 80
1619607967.577940, 80
1619607967.591638, 80
1619607967.606087, 80
1619607967.619179, 80
1619607967.632675, 80
1619607967.646282, 81
1619607967.660015, 80
1619607967.673425, 81
1619607967.687005, 82
1619607967.701319, 81
1619607967.715639, 81
1619607967.729559, 81
1619607967.743133, 82
1619607967.757797, 82
1619607967.770905, 80
1619607967.784130, 81
1619607967.797471, 81
1619607967.811109, 81
1619607967.824095, 81
1619607967.838439, 80
1619607967.852775, 80
1619607967.866867, 81
1619607967.881557, 80
1619607967.894793, 80
1619607967.909114, 81
1619607967.922683, 80
1619607967.936487, 81
1619607967.949301, 81
1619607967.962190, 81
1619607967.975818, 81
1619607967.989247, 82
1619607968.002855, 82
1619607968.016249, 83
1619607968.029814, 82
1619607968.043619, 83
1619607968.057911, 82
1619607968.072203, 81
1619607968.086567, 81
1619607968.100892, 82
1619607968.115213, 82
1619607968.129509, 82
1619607968.143248, 82
1619607968.157427, 83
1619607968.171059, 82
1619607968.184562, 82
1619607968.198900, 81
1619607968.213178, 82
1619607968.227597, 83
1619607968.241880, 82
1619607968.255410, 82
1619607968.270493, 83
1619607968.285636, 83
1619607968.299990, 82
1619607968.315066, 83
1619607968.329327, 83
1619607968.343680, 83
1619607968.358732, 82
1619607968.373110, 82
1619607968.387503, 82
1619607968.401931, 82
1619607968.415336, 82
1619607968.429686, 82
1619607968.443526, 84
1619607968.457642, 84
1619607968.471927, 83
1619607968.486301, 82
1619607968.499890, 82
1619607968.514216, 82
1619607968.527882, 83
1619607968.542171, 82
1619607968.555827, 82
1619607968.570806, 82
1619607968.584874, 83
1619607968.599294, 83
1619607968.613525, 84
1619607968.628663, 84
1619607968.642860, 83
1619607968.656463, 84
1619607968.670986, 84
1619607968.685364, 83
1619607968.698893, 83
1619607968.713148, 84
1619607968.728120, 83
1619607968.742038, 83
1619607968.757307, 84
1619607968.770890, 85
1619607968.785138, 83
1619607968.797963, 82
1619607968.811923, 83
1619607968.826733, 83
1619607968.840288, 83
1619607968.854600, 84
1619607968.868994, 84
1619607968.883371, 84
1619607968.897677, 84
1619607968.913571, 85
1619607968.927166, 84
1619607968.940050, 85
1619607968.954475, 84
1619607968.968346, 85
1619607968.981883, 85
1619607968.995485, 84
1619607969.010070, 84
1619607969.024338, 84
1619607969.037930, 83
1619607969.050804, 83
1619607969.065960, 84
1619607969.080249, 84
1619607969.094540, 83
1619607969.108916, 83
1619607969.122590, 82
1619607969.136307, 83
1619607969.150528, 84
1619607969.164884, 83
1619607969.178546, 85
1619607969.192234, 84
1619607969.205764, 84
1619607969.220078, 85
1619607969.235053, 86
1619607969.248977, 85
1619607969.262575, 86
1619607969.275407, 85
1619607969.288661, 85
1619607969.303738, 85
1619607969.318113, 85
1619607969.331662, 85
1619607969.345756, 86
1619607969.360108, 85
1619607969.373642, 86
1619607969.388053, 84
1619607969.401504, 86
1619607969.416041, 87
1619607969.429453, 85
1619607969.444139, 85
1619607969.458179, 85
1619607969.472061, 84
1619607969.485586, 84
1619607969.499203, 84
1619607969.513449, 85
1619607969.527036, 86
1619607969.541388, 87
1619607969.554175, 86
1619607969.568499, 86
1619607969.582108, 86
1619607969.595686, 87
1619607969.609987, 86
1619607969.624298, 86
1619607969.638620, 86
1619607969.652200, 86
1619607969.664997, 86
1619607969.677940, 87
1619607969.691659, 86
1619607969.705922, 86
1619607969.720314, 86
1619607969.733959, 86
1619607969.748175, 85
1619607969.762467, 84
1619607969.776102, 85
1619607969.790495, 85
1619607969.804018, 85
1619607969.818321, 85
1619607969.832029, 85
1619607969.846206, 85
1619607969.860209, 86
1619607969.874496, 86
1619607969.888818, 86
1619607969.902436, 86
1619607969.917041, 86
1619607969.931335, 87
1619607969.945646, 86
1619607969.960151, 86
1619607969.974290, 87
1619607969.988893, 86
1619607970.002459, 87
1619607970.016032, 86
1619607970.029618, 87
1619607970.043683, 87
1619607970.057853, 88
1619607970.072296, 86
1619607970.085806, 86
1619607970.099577, 86
1619607970.114063, 86
1619607970.127674, 87
1619607970.141179, 86
1619607970.153977, 86
1619607970.166730, 86
1619607970.179542, 88
1619607970.192962, 87
1619607970.207238, 87
1619607970.220936, 88
1619607970.235328, 87
1619607970.248831, 87
1619607970.261917, 88
1619607970.275854, 88
1619607970.291166, 89
1619607970.304884, 89
1619607970.319000, 88
1619607970.334084, 89
1619607970.348472, 88
1619607970.362748, 88
1619607970.377303, 87
1619607970.391708, 86
1619607970.405191, 86
1619607970.420286, 86
1619607970.434267, 87
1619607970.447664, 86
1619607970.461874, 87
1619607970.476233, 86
1619607970.489839, 86
1619607970.503403, 87
1619607970.517737, 87
1619607970.532748, 87
1619607970.546841, 88
1619607970.561083, 87
1619607970.575768, 88
1619607970.590176, 88
1619607970.603772, 88
1619607970.618158, 89
1619607970.631839, 89
1619607970.646120, 88
1619607970.660471, 88
1619607970.674839, 89
1619607970.689114, 87
1619607970.702944, 88
1619607970.716783, 88
1619607970.730538, 87
1619607970.744259, 87
1619607970.757867, 87
1619607970.772987, 87
1619607970.786534, 87
1619607970.800941, 87
1619607970.814453, 87
1619607970.828073, 87
1619607970.841648, 88
1619607970.856105, 88
1619607970.871102, 89
1619607970.884644, 88
1619607970.898293, 89
1619607970.911838, 88
1619607970.924800, 88
1619607970.938381, 89
1619607970.952780, 89
1619607970.967115, 89
1619607970.980673, 89
1619607970.993497