1619607804.015780, 0
1619607804.031533, 0
1619607804.045735, 0
1619607804.060037, 0
1619607804.073780, 6
1619607804.087921, 0
1619607804.101745, 6
1619607804.116786, 6
1619607804.131783, 10
1619607804.145815, 17
1619607804.158834, 18
1619607804.172902, 22
1619607804.186789, 24
1619607804.200822, 29
1619607804.214848, 33
1619607804.228833, 35
1619607804.242780, 40
1619607804.256072, 42
1619607804.269319, 47
1619607804.282848, 50
1619607804.296829, 50
1619607804.309832, 50
1619607804.323814, 50
1619607804.337861, 49
1619607804.350814, 49
1619607804.364837, 49
1619607804.378854, 50
1619607804.392826, 50
1619607804.406835, 49
1619607804.420841, 49
1619607804.434867, 50
1619607804.448912, 49
1619607804.462904, 49
1619607804.476914, 49
1619607804.490855, 48
1619607804.504879, 50
1619607804.518785, 49
1619607804.531954, 49
1619607804.545619, 48
1619607804.558999, 49
1619607804.572297, 48
1619607804.586204, 50
1619607804.600105, 50
1619607804.614011, 49
1619607804.628253, 49
1619607804.643073, 49
1619607804.656201, 49
1619607804.671109, 48
1619607804.686092, 49
1619607804.700150, 48
1619607804.714038, 46
1619607804.728451, 49
1619607804.742097, 50
1619607804.755302, 49
1619607804.769081, 46
1619607804.782328, 50
1619607804.796397, 49
1619607804.810370, 48
1619607804.824393, 49
1619607804.838639, 48
1619607804.853630, 48
1619607804.867830, 47
1619607804.882696, 47
1619607804.896740, 47
1619607804.909667, 48
1619607804.923890, 49
1619607804.938765, 47
1619607804.954026, 47
1619607804.968801, 47
1619607804.982807, 50
1619607804.997771, 48
1619607805.012806, 48
1619607805.027795, 48
1619607805.042792, 48
1619607805.057162, 48
1619607805.070097, 48
1619607805.085074, 43
1619607805.100196, 40
1619607805.114128, 34
1619607805.128226, 32
1619607805.142110, 32
1619607805.155157, 28
1619607805.170173, 22
1619607805.184130, 20
1619607805.199112, 17
1619607805.213152, 16
1619607805.227191, 17
1619607805.241205, 17
1619607805.254612, 17
1619607805.268578, 17
1619607805.282623, 16
1619607805.296912, 18
1619607805.310399, 17
1619607805.323675, 17
1619607805.338706, 17
1619607805.352354, 18
1619607805.365735, 17
1619607805.379235, 17
1619607805.392536, 17
1619607805.406647, 18
1619607805.420370, 17
1619607805.433238, 17
1619607805.446686, 17
1619607805.460220, 18
1619607805.473389, 17
1619607805.486937, 17
1619607805.500705, 17
1619607805.513892, 17
1619607805.527449, 17
1619607805.543253, 17
1619607805.556526, 17
1619607805.571131, 19
1619607805.584947, 19
1619607805.599984, 19
1619607805.613870, 20
1619607805.627780, 21
1619607805.642690, 21
1619607805.656489, 19
1619607805.670251, 18
1619607805.683889, 18
1619607805.697894, 20
1619607805.711815, 20
1619607805.725532, 19
1619607805.739401, 20
1619607805.753449, 20
1619607805.767124, 20
1619607805.780788, 20
1619607805.794194, 19
1619607805.808752, 20
1619607805.822288, 20
1619607805.837327, 22
1619607805.852271, 20
1619607805.865832, 22
1619607805.880611, 20
1619607805.895587, 23
1619607805.910452, 21
1619607805.924658, 22
1619607805.938150, 21
1619607805.952133, 22
1619607805.965616, 22
1619607805.979604, 20
1619607805.993430, 21
1619607806.007736, 21
1619607806.021469, 21
1619607806.035707, 23
1619607806.050667, 22
1619607806.065093, 22
1619607806.079288, 23
1619607806.092556, 23
1619607806.107810, 23
1619607806.121240, 23
1619607806.134284, 23
1619607806.148233, 23
1619607806.162363, 23
1619607806.176072, 24
1619607806.190159, 23
1619607806.204535, 23
1619607806.218674, 24
1619607806.234169, 24
1619607806.247860, 24
1619607806.261620, 23
1619607806.275137, 25
1619607806.288597, 24
1619607806.302015, 24
1619607806.316330, 24
1619607806.330362, 25
1619607806.344940, 24
1619607806.358415, 25
1619607806.372466, 24
1619607806.385434, 24
1619607806.399331, 24
1619607806.412291, 24
1619607806.425609, 24
1619607806.439331, 25
1619607806.452762, 25
1619607806.466562, 25
1619607806.480625, 24
1619607806.495168, 26
1619607806.510148, 25
1619607806.524203, 26
1619607806.538265, 26
1619607806.552403, 25
1619607806.566787, 26
1619607806.581105, 26
1619607806.594611, 26
1619607806.607937, 26
1619607806.621690, 25
1619607806.636886, 27
1619607806.651617, 27
1619607806.664639, 27
1619607806.677327, 26
1619607806.690779, 26
1619607806.703710, 26
1619607806.718083, 27
1619607806.732736, 28
1619607806.746237, 29
1619607806.760466, 28
1619607806.774637, 28
1619607806.788681, 29
1619607806.802180, 29
1619607806.817149, 28
1619607806.831207, 28
1619607806.845366, 28
1619607806.858343, 27
1619607806.872384, 29
1619607806.885594, 29
1619607806.899665, 29
1619607806.913690, 29
1619607806.927797, 29
1619607806.942064, 28
1619607806.956101, 29
1619607806.969599, 30
1619607806.982894, 30
1619607806.995814, 28
1619607807.009188, 29
1619607807.022559, 28
1619607807.035639, 29
1619607807.050165, 29
1619607807.064550, 29
1619607807.078615, 29
1619607807.092059, 29
1619607807.106258, 28
1619607807.120275, 30
1619607807.133782, 30
1619607807.147957, 29
1619607807.161300, 30
1619607807.176018, 31
1619607807.189793, 29
1619607807.204103, 31
1619607807.217761, 30
1619607807.233093, 30
1619607807.247333, 30
1619607807.261924, 30
1619607807.276299, 29
1619607807.291760, 31
1619607807.305338, 31
1619607807.319498, 31
1619607807.333301, 31
1619607807.347156, 31
1619607807.361813, 30
1619607807.375831, 31
1619607807.389956, 31
1619607807.403532, 31
1619607807.416928, 32
1619607807.430283, 31
1619607807.443715, 30
1619607807.456575, 31
1619607807.470078, 31
1619607807.484301, 32
1619607807.497454, 32
1619607807.511096, 32
1619607807.525571, 31
1619607807.539562, 32
1619607807.553996, 32
1619607807.567077, 32
1619607807.581276, 32
1619607807.594523, 32
1619607807.608138, 33
1619607807.621234, 33
1619607807.634092, 34
1619607807.647801, 34
1619607807.660750, 33
1619607807.674677, 34
1619607807.688599, 32
1619607807.703082, 34
1619607807.716719, 33
1619607807.729772, 33
1619607807.744050, 34
1619607807.757212, 34
1619607807.771326, 33
1619607807.785519, 34
1619607807.799814, 33
1619607807.813735, 35
1619607807.828525, 34
1619607807.842250, 35
1619607807.856121, 34
1619607807.869356, 35
1619607807.883306, 35
1619607807.897747, 34
1619607807.912560, 34
1619607807.927095, 35
1619607807.941563, 35
1619607807.955762, 34
1619607807.968602, 35
1619607807.982746, 35
1619607807.997264, 34
1619607808.012127, 35
1619607808.024911, 35
1619607808.039125, 35
1619607808.053551, 36
1619607808.066949, 36
1619607808.080223, 36
1619607808.093808, 35
1619607808.107905, 35
1619607808.121145, 36
1619607808.134897, 37
1619607808.149466, 36
1619607808.163560, 36
1619607808.177271, 37
1619607808.190723, 35
1619607808.204798, 36
1619607808.219148, 37
1619607808.232792, 36
1619607808.247316, 38
1619607808.260184, 36
1619607808.273487, 37
1619607808.286911, 37
1619607808.300640, 37
1619607808.314047, 36
1619607808.327846, 37
1619607808.342367, 38
1619607808.356716, 38
1619607808.371203, 37
1619607808.385086, 38
1619607808.398899, 38
1619607808.412643, 37
1619607808.426637, 38
1619607808.440744, 38
1619607808.455493, 38
1619607808.468969, 39
1619607808.482769, 39
1619607808.496628, 39
1619607808.510302, 39
1619607808.524548, 39
1619607808.538057, 39
1619607808.551597, 39
1619607808.566893, 38
1619607808.580952, 40
1619607808.595092, 39
1619607808.608617, 39
1619607808.622619, 40
1619607808.636019, 39
1619607808.649408, 39
1619607808.663700, 38
1619607808.677826, 39
1619607808.692351, 39
1619607808.705435, 38
1619607808.720378, 40
1619607808.734915, 39
1619607808.749348, 40
1619607808.763563, 40
1619607808.777144, 39
1619607808.791239, 40
1619607808.806431, 40
1619607808.820909, 40
1619607808.834430, 40
1619607808.848459, 40
1619607808.862507, 41
1619607808.876885, 39
1619607808.890191, 40
1619607808.904143, 40
1619607808.917411, 40
1619607808.931901, 39
1619607808.944941, 40
1619607808.958234, 41
1619607808.972569, 41
1619607808.986386, 40
1619607809.000109, 40
1619607809.013712, 40
1619607809.027680, 40
1619607809.040702, 40
1619607809.054064, 41
1619607809.067530, 41
1619607809.081234, 41
1619607809.093759, 41
1619607809.106777, 41
1619607809.120250, 41
1619607809.133722, 41
1619607809.147559, 40
1619607809.160800, 40
1619607809.175289, 41
1619607809.189323, 41
1619607809.203534, 43
1619607809.217079, 42
1619607809.230625, 42
1619607809.243610, 42
1619607809.256678, 41
1619607809.270040, 42
1619607809.283007, 43
1619607809.296746, 42
1619607809.311165, 41
1619607809.324653, 42
1619607809.338666, 43
1619607809.352072, 42
1619607809.365197, 42
1619607809.378788, 42
1619607809.392708, 42
1619607809.406101, 42
1619607809.419928, 42
1619607809.432904, 43
1619607809.446550, 45
1619607809.460043, 44
1619607809.473465, 43
1619607809.487006, 44
1619607809.501450, 44
1619607809.515289, 44
1619607809.529248, 44
1619607809.543167, 43
1619607809.557795, 43
1619607809.572213, 44
1619607809.585557, 42
1619607809.599754, 42
1619607809.613858, 43
1619607809.628015, 44
1619607809.642031, 43
1619607809.656244, 43
1619607809.671148, 44
1619607809.685158, 44
1619607809.698346, 42
1619607809.712566, 43
1619607809.727329, 44
1619607809.741227, 43
1619607809.754674, 44
1619607809.768150, 44
1619607809.781471, 44
1619607809.794928, 45
1619607809.808280, 45
1619607809.821393, 43
1619607809.834602, 44
1619607809.848528, 45
1619607809.862445, 45
1619607809.875962, 46
1619607809.890509, 45
1619607809.903694, 45
1619607809.917040, 46
1619607809.931505, 45
1619607809.945461, 46
1619607809.959471, 46
1619607809.974354, 45
1619607809.988684, 47
1619607810.001829, 48
1619607810.015930, 46
1619607810.029602, 47
1619607810.043731, 47
1619607810.057503, 46
1619607810.071819, 48
1619607810.085585, 47
1619607810.099494, 47
1619607810.114173, 47
1619607810.129136, 46
1619607810.142270, 47
1619607810.157316, 47
1619607810.172204, 47
1619607810.185233, 46
1619607810.199393, 47
1619607810.213205, 47
1619607810.226893, 47
1619607810.240948, 47
1619607810.254435, 47
1619607810.267998, 47
1619607810.281989, 48
1619607810.296005, 46
1619607810.309727, 47
1619607810.323699, 46
1619607810.337876, 48
1619607810.351543, 48
1619607810.366569, 48
1619607810.381221, 48
1619607810.395592, 48
1619607810.409125, 48
1619607810.422624, 47
1619607810.437006, 48
1619607810.450213, 47
1619607810.463474, 48
1619607810.477285, 48
1619607810.490771, 48
1619607810.504842, 48
1619607810.517922, 47
1619607810.531387, 47
1619607810.545435, 47
1619607810.558293, 48
1619607810.571316, 48
1619607810.584583, 49
1619607810.597500, 48
1619607810.610855, 48
1619607810.625392, 47
1619607810.638723, 48
1619607810.652731, 47
1619607810.667657, 48
1619607810.681290, 48
1619607810.694918, 48
1619607810.709912, 49
1619607810.724092, 48
1619607810.738117, 49
1619607810.753081, 48
1619607810.767647, 49
1619607810.780745, 48
1619607810.794251, 47
1619607810.807828, 49
1619607810.823456, 48
1619607810.837102, 49
1619607810.851074, 48
1619607810.865537, 47
1619607810.878841, 47
1619607810.891822, 48
1619607810.905334, 45
1619607810.919438, 46
1619607810.932929, 46
1619607810.946360, 47
1619607810.959785, 48
1619607810.973527, 48
1619607810.987508, 48
1619607811.000940, 47
1619607811.014783, 48
1619607811.028551, 48
1619607811.042507, 47
1619607811.056038, 47
1619607811.069239, 47
1619607811.083856, 47
1619607811.098406, 49
1619607811.112513, 48
1619607811.126327, 48
1619607811.139948, 47
1619607811.153623, 48
1619607811.168112, 48
1619607811.181257, 48
1619607811.194793, 48
1619607811.208399, 48
1619607811.223719, 48
1619607811.237242, 49
1619607811.251273, 48
1619607811.264482, 48
1619607811.277528, 48
1619607811.290594, 48
1619607811.304142, 48
1619607811.316940, 48
1619607811.331182, 48
1619607811.345110, 49
1619607811.359723, 48
1619607811.373330, 50
1619607811.387415, 49
1619607811.401241, 48
1619607811.415725, 49
1619607811.429642, 50
1619607811.443836, 49
1619607811.457467, 48
1619607811.470466, 48
1619607811.484993, 49
1619607811.499584, 49
1619607811.513889, 49
1619607811.527886, 48
1619607811.541759, 48
1619607811.555714, 48
1619607811.569637, 49
1619607811.583797, 49
1619607811.597320, 48
1619607811.611941, 48
1619607811.626027, 48
1619607811.639702, 48
1619607811.653609, 48
1619607811.667777, 48
1619607811.681487, 48
1619607811.695858, 48
1619607811.709637, 47
1619607811.723244, 48
1619607811.736925, 46
1619607811.751220, 41
1619607811.764343, 35
1619607811.777941, 30
1619607811.791128, 25
1619607811.804637, 21
1619607811.818266, 22
1619607811.832384, 20
1619607811.846530, 21
1619607811.860048, 21
1619607811.873643, 21
1619607811.887116, 22
1619607811.900049, 23
1619607811.912602, 22
1619607811.925704, 21
1619607811.939153, 22
1619607811.953666, 22
1619607811.968279, 22
1619607811.982228, 23
1619607811.996295, 22
1619607812.010483, 22
1619607812.025347, 23
1619607812.039895, 23
1619607812.054271, 23
1619607812.068718, 23
1619607812.081851, 24
1619607812.095822, 23
1619607812.109203, 24
1619607812.122732, 24
1619607812.136295, 25
1619607812.149382, 24
1619607812.163309, 23
1619607812.176396, 24
1619607812.189686, 23
1619607812.202727, 25
1619607812.215343, 24
1619607812.228890, 24
1619607812.243464, 26
1619607812.256741, 25
1619607812.271442, 24
1619607812.285329, 25
1619607812.299401, 25
1619607812.314478, 25
1619607812.328687, 25
1619607812.342283, 26
1619607812.356337, 25
1619607812.369803, 26
1619607812.384225, 25
1619607812.397615, 25
1619607812.411003, 27
1619607812.424776, 26
1619607812.438987, 26
1619607812.452756, 25
1619607812.466526, 27
1619607812.479524, 26
1619607812.492959, 27
1619607812.507647, 26
1619607812.521090, 26
1619607812.535114, 27
1619607812.549511, 28
1619607812.563000, 27
1619607812.576395, 27
1619607812.589937, 27
1619607812.603444, 26
1619607812.616962, 26
1619607812.630574, 27
1619607812.645044, 28
1619607812.659173, 27
1619607812.672662, 28
1619607812.687283, 28
1619607812.701035, 27
1619607812.714189, 29
1619607812.727979, 29
1619607812.742051, 29
1619607812.756435, 26
1619607812.770027, 27
1619607812.784351, 28
1619607812.797510, 28
1619607812.810579, 29
1619607812.824655, 28
1619607812.838364, 28
1619607812.853127, 28
1619607812.867216, 28
1619607812.881049, 28
1619607812.894982, 29
1619607812.909398, 29
1619607812.923410, 28
1619607812.937389, 28
1619607812.951354, 30
1619607812.964820, 29
1619607812.978519, 29
1619607812.991852, 30
1619607813.004864, 30
1619607813.017413, 28
1619607813.031555, 30
1619607813.045525, 29
1619607813.059530, 29
1619607813.073415, 29
1619607813.086926, 29
1619607813.100957, 30
1619607813.114523, 30
1619607813.127584, 30
1619607813.141625, 30
1619607813.155255, 30
1619607813.169213, 30
1619607813.182727, 30
1619607813.196169, 31
1619607813.209382, 31
1619607813.222794, 32
1619607813.235879, 30
1619607813.248867, 31
1619607813.262613, 31
1619607813.276241, 32
1619607813.290473, 31
1619607813.304313, 31
1619607813.317916, 32
1619607813.331924, 31
1619607813.345811, 31
1619607813.359562, 31
1619607813.373740, 32
1619607813.386943, 31
1619607813.401407, 32
1619607813.416498, 31
1619607813.430469, 32
1619607813.444470, 33
1619607813.458517, 32
1619607813.472649, 31
1619607813.486760, 33
1619607813.500588, 32
1619607813.514188, 32
1619607813.527770, 32
1619607813.541376, 33
1619607813.555947, 34
1619607813.569384, 33
1619607813.583489, 33
1619607813.597587, 34
1619607813.611888, 33
1619607813.626314, 32
1619607813.639729, 32
1619607813.652734, 33
1619607813.665874, 33
1619607813.678965, 34
1619607813.692651, 33
1619607813.706811, 33
1619607813.721564, 33
1619607813.735647, 33
1619607813.749197, 33
1619607813.763143, 33
1619607813.776828, 33
1619607813.790907, 33
1619607813.804925, 34
1619607813.818469, 35
1619607813.832511, 34
1619607813.846466, 34
1619607813.860349, 34
1619607813.873391, 35
1619607813.887415, 35
1619607813.900873, 35
1619607813.915521, 35
1619607813.929139, 34
1619607813.943805, 34
1619607813.957519, 34
1619607813.972402, 36
1619607813.986027, 36
1619607814.000206, 35
1619607814.013188, 34
1619607814.027088, 36
1619607814.041101, 35
1619607814.056226, 35
1619607814.070669, 35
1619607814.085096, 35
1619607814.099103, 35
1619607814.114153, 35
1619607814.128296, 36
1619607814.142352, 36
1619607814.156476, 35
1619607814.170621, 35
1619607814.184082, 36
1619607814.198383, 36
1619607814.211951, 36
1619607814.224978, 36
1619607814.239045, 36
1619607814.253111, 37
1619607814.266527, 35
1619607814.279505, 35
1619607814.292455, 37
1619607814.306002, 37
1619607814.318470, 37
1619607814.332465, 36
1619607814.346391, 37
1619607814.359996, 37
1619607814.374463, 37
1619607814.387700, 37
1619607814.401956, 37
1619607814.415771, 37
1619607814.430111, 37
1619607814.444606, 36
1619607814.459236, 37
1619607814.472732, 37
1619607814.486529, 38
1619607814.501032, 38
1619607814.515109, 39
1619607814.529181, 39
1619607814.542829, 38
1619607814.556798, 37
1619607814.570343, 37
1619607814.583832, 38
1619607814.597005, 38
1619607814.611010, 39
1619607814.623868, 38
1619607814.637085, 39
1619607814.649947, 38
1619607814.663625, 38
1619607814.678082, 40
1619607814.692561, 39
1619607814.706113, 40
1619607814.719978, 39
1619607814.733569, 39
1619607814.747788, 40
1619607814.761902, 39
1619607814.775701, 38
1619607814.788687, 38
1619607814.802867, 39
1619607814.816463, 40
1619607814.830494, 40
1619607814.844614, 40
1619607814.858127, 39
1619607814.871200, 39
1619607814.884612, 40
1619607814.897686, 41
1619607814.910774, 40
1619607814.925267, 40
1619607814.938857, 41
1619607814.952654, 40
1619607814.966055, 39
1619607814.981147, 40
1619607814.994918, 39
1619607815.008618, 40
1619607815.022212, 41
1619607815.035887, 40
1619607815.050481, 40
1619607815.065234, 41
1619607815.079331, 41
1619607815.093249, 40
1619607815.106307, 41
1619607815.119360, 41
1619607815.132943, 42
1619607815.146126, 41
1619607815.159491, 43
1619607815.173481, 43
1619607815.187942, 43
1619607815.201406, 41
1619607815.214948, 40
1619607815.228957, 40
1619607815.242010, 40
1619607815.256152, 41
1619607815.269090, 41
1619607815.282919, 42
1619607815.296468, 42
1619607815.310527, 41
1619607815.324329, 42
1619607815.337416, 43
1619607815.351206, 42
1619607815.365204, 43
1619607815.380050, 42
1619607815.393548, 42
1619607815.408547, 43
1619607815.423202, 41
1619607815.437842, 41
1619607815.451614, 42
1619607815.465927, 41
1619607815.479343, 42
1619607815.493271, 42
1619607815.507126, 42
1619607815.520932, 41
1619607815.535420, 43
1619607815.549914, 43
1619607815.564244, 44
1619607815.578672, 43
1619607815.592294, 43
1619607815.605715, 44
1619607815.619204, 45
1619607815.634339, 43
1619607815.648799, 42
1619607815.663817, 42
1619607815.677136, 42
1619607815.691388, 43
1619607815.705790, 44
1619607815.720515, 43
1619607815.733875, 42
1619607815.747952, 44
1619607815.760902, 45
1619607815.774939, 44
1619607815.788642, 44
1619607815.803065, 44
1619607815.817124, 44
1619607815.831208, 45
1619607815.845659, 45
1619607815.859627, 44
1619607815.873289, 44
1619607815.887556, 43
1619607815.901725, 44
1619607815.915318, 44
1619607815.929322, 43
1619607815.943392, 43
1619607815.957309, 44
1619607815.972393, 45
1619607815.986310, 45
1619607816.000285, 45
1619607816.014474, 44
1619607816.027484, 45
1619607816.041457, 46
1619607816.055198, 45
1619607816.068971, 46
1619607816.082164, 46
1619607816.095449, 44
1619607816.108014, 44
1619607816.121474, 45
1619607816.134966, 44
1619607816.148504, 45
1619607816.161515, 44
1619607816.174978, 43
1619607816.188006, 45
1619607816.200980, 46
1619607816.214002, 46
1619607816.227561, 46
1619607816.241051, 46
1619607816.254486, 47
1619607816.268490, 46
1619607816.282026, 46
1619607816.296166, 47
1619607816.310376, 46
1619607816.325203, 46
1619607816.338680, 46
1619607816.353671, 45
1619607816.366753, 45
1619607816.380701, 46
1619607816.394675, 46
1619607816.409257, 45
1619607816.423490, 46
1619607816.438012, 48
1619607816.452486, 48
1619607816.467077, 47
1619607816.481046, 48
1619607816.494600, 48
1619607816.509114, 47
1619607816.522170, 47
1619607816.535162, 46
1619607816.549172, 46
1619607816.562266, 46
1619607816.575967, 47
1619607816.589144, 46
1619607816.602537, 47
1619607816.615640, 47
1619607816.628611, 46
1619607816.642358, 46
1619607816.656202, 46
1619607816.669246, 48
1619607816.682642, 47
1619607816.696646, 48
1619607816.711023, 48
1619607816.725778, 48
1619607816.739161, 49
1619607816.752873, 49
1619607816.766735, 48
1619607816.779918, 47
1619607816.793799, 47
1619607816.807693, 47
1619607816.822004, 48
1619607816.836164, 47
1619607816.849849, 48
1619607816.863270, 47
1619607816.876681, 48
1619607816.890205, 49
1619607816.903420, 50
1619607816.918272, 50
1619607816.931931, 49
1619607816.945886, 49
1619607816.960571, 49
1619607816.973792, 50
1619607816.988556, 48
1619607817.002521, 48
1619607817.016618, 48
1619607817.031149, 48
1619607817.045111, 47
1619607817.058885, 47
1619607817.072356, 47
1619607817.085896, 47
1619607817.099455, 46
1619607817.112889, 46
1619607817.126039, 46
1619607817.140231, 46
1619607817.154164, 46
1619607817.167318, 45
1619607817.180601, 39
1619607817.193638, 34
1619607817.206969, 27
1619607817.220665, 22
1619607817.235226, 20
1619607817.248477, 20
1619607817.262557, 21
1619607817.276529, 22
1619607817.290573, 22
1619607817.305141, 21
1619607817.318808, 21
1619607817.332294, 22
1619607817.345658, 23
1619607817.359775, 22
1619607817.373679, 23
1619607817.387252, 22
1619607817.400807, 22
1619607817.414836, 23
1619607817.429077, 22
1619607817.442704, 23
1619607817.456543, 22
1619607817.470103, 22
1619607817.484545, 23
1619607817.498234, 23
1619607817.511608, 23
1619607817.526069, 24
1619607817.540517, 24
1619607817.554577, 23
1619607817.568522, 24
1619607817.582049, 23
1619607817.596379, 24
1619607817.609509, 23
1619607817.623395, 24
1619607817.636931, 24
1619607817.650675, 24
1619607817.664233, 24
1619607817.678074, 25
1619607817.691734, 25
1619607817.705307, 25
1619607817.719545, 26
1619607817.733543, 25
1619607817.747611, 24
1619607817.761289, 25
1619607817.775889, 24
1619607817.789964, 24
1619607817.804273, 25
1619607817.818752, 25
1619607817.832788, 25
1619607817.846809, 25
1619607817.861038, 26
1619607817.875048, 27
1619607817.888908, 27
1619607817.903386, 28
1619607817.917072, 26
1619607817.931053, 26
1619607817.944613, 25
1619607817.958691, 26
1619607817.972654, 26
1619607817.986600, 26
1619607818.000888, 26
1619607818.015592, 26
1619607818.029477, 27
1619607818.043604, 26
1619607818.057049, 28
1619607818.071817, 29
1619607818.085434, 27
1619607818.098967, 27
1619607818.113188, 26
1619607818.127746, 28
1619607818.140754, 28
1619607818.155965, 27
1619607818.169326, 27
1619607818.182869, 28
1619607818.196897, 27
1619607818.211411, 28
1619607818.225093, 30
1619607818.239318, 29
1619607818.252751, 29
1619607818.266607, 28
1619607818.280898, 27
1619607818.294923, 28
1619607818.308904, 29
1619607818.322869, 28
1619607818.337084, 28
1619607818.351266, 28
1619607818.365471, 28
1619607818.379736, 28
1619607818.394436, 31
1619607818.409718, 30
1619607818.423160, 30
1619607818.437834, 30
1619607818.452050, 30
1619607818.465333, 29
1619607818.479107, 29
1619607818.492208, 29
1619607818.505710, 30
1619607818.519362, 29
1619607818.533626, 30
1619607818.547334, 30
1619607818.560756, 30
1619607818.574913, 30
1619607818.588942, 30
1619607818.602909, 30
1619607818.616617, 31
1619607818.629674, 31
1619607818.643558, 32
1619607818.657587, 31
1619607818.671390, 30
1619607818.685789, 30
1619607818.698907, 29
1619607818.712196, 31
1619607818.725198, 32
1619607818.738446, 31
1619607818.751881, 31
1619607818.764311, 30
1619607818.778321, 33
1619607818.792049, 32
1619607818.805631, 32
1619607818.819666, 32
1619607818.833629, 32
1619607818.847739, 32
1619607818.861196, 30
1619607818.875461, 32
1619607818.888828, 31
1619607818.902132, 32
1619607818.915883, 31
1619607818.930526, 33
1619607818.945006, 33
1619607818.959549, 31
1619607818.973877, 32
1619607818.988206, 33
1619607819.001117, 34
1619607819.015272, 33
1619607819.029881, 33
1619607819.043766, 34
1619607819.056722, 33
1619607819.070617, 32
1619607819.084568, 32
1619607819.098339, 33
1619607819.111867, 33
1619607819.125330, 33
1619607819.139144, 32
1619607819.152608, 34
1619607819.166239, 34
1619607819.179828, 34
1619607819.193168, 34
1619607819.206956, 35
1619607819.220402, 34
1619607819.233441, 34
1619607819.246904, 34
1619607819.260238, 34
1619607819.273270, 34
1619607819.287172, 33
1619607819.301834, 34
1619607819.314731, 34
1619607819.328308, 34
1619607819.342642, 34
1619607819.356087, 33
1619607819.368932, 35
1619607819.382787, 36
1619607819.396438, 36
1619607819.411024, 36
1619607819.424752, 36
1619607819.439198, 36
1619607819.452901, 34
1619607819.466682, 34
1619607819.479740, 35
1619607819.494273, 36
1619607819.507166, 35
1619607819.521257, 34
1619607819.534966, 35
1619607819.549053, 35
1619607819.562714, 36
1619607819.577238, 36
1619607819.591213, 36
1619607819.604230, 36
1619607819.617714, 36
1619607819.631694, 36
1619607819.645925, 35
1619607819.660355, 36
1619607819.674684, 36
1619607819.689312, 36
1619607819.703948, 37
1619607819.717430, 37
1619607819.731140, 36
1619607819.743955, 36
1619607819.757202, 37
1619607819.770075, 38
1619607819.784220, 37
1619607819.798266, 38
1619607819.812798, 38
1619607819.826063, 38
1619607819.839831, 37
1619607819.853420, 38
1619607819.868412, 37
1619607819.881938, 36
1619607819.896365, 37
1619607819.910557, 38
1619607819.924321, 38
1619607819.939265, 37
1619607819.953466, 37
1619607819.967185, 38
1619607819.981716, 38
1619607819.995389, 39
1619607820.009025, 39
1619607820.023663, 38
1619607820.037309, 38
1619607820.051859, 38
1619607820.065364, 37
1619607820.079856, 37
1619607820.093164, 37
1619607820.107915, 37
1619607820.122250, 38
1619607820.136128, 38
1619607820.151250, 38
1619607820.165628, 38
1619607820.179304, 39
1619607820.192764, 40
1619607820.207274, 40
1619607820.222168, 40
1619607820.236416, 40
1619607820.250062, 39
1619607820.265038, 39
1619607820.279014, 37
1619607820.292782, 38
1619607820.307748, 39
1619607820.321586, 39
1619607820.336126, 39
1619607820.349699, 40
1619607820.362855, 39
1619607820.377710, 38
1619607820.391342, 39
1619607820.405098, 40
1619607820.419327, 40
1619607820.433572, 40
1619607820.448384, 40
1619607820.461454, 40
1619607820.475127, 41
1619607820.490171, 39
1619607820.505035, 39
1619607820.518707, 40
1619607820.533230, 40
1619607820.547038, 40
1619607820.562683, 40
1619607820.577598, 40
1619607820.591830, 39
1619607820.605386, 40
1619607820.619711, 41
1619607820.633360, 41
1619607820.647459, 41
1619607820.661233, 41
1619607820.674940, 42
1619607820.690127, 42
1619607820.704966, 42
1619607820.718916, 41
1619607820.732639, 40
1619607820.746161, 41
1619607820.760443, 40
1619607820.773970, 40
1619607820.787769, 41
1619607820.801840, 41
1619607820.816149, 42
1619607820.830991, 42
1619607820.845245, 43
1619607820.859658, 43
1619607820.873703, 43
1619607820.886975, 42
1619607820.900004, 41
1619607820.913337, 42
1619607820.926491, 41
1619607820.939533, 41
1619607820.953613, 42
1619607820.967601, 41
1619607820.980909, 42
1619607820.995624, 42
1619607821.009218, 42
1619607821.022930, 42
1619607821.037665, 42
1619607821.051575, 43
1619607821.065902, 44
1619607821.079624, 43
1619607821.093181, 44
1619607821.107390, 43
1619607821.121884, 44
1619607821.136153, 42
1619607821.150152, 43
1619607821.164452, 43
1619607821.178718, 42
1619607821.193067, 43
1619607821.206774, 42
1619607821.220510, 43
1619607821.234236, 43
1619607821.247920, 43
1619607821.261489, 45
1619607821.275937, 44
1619607821.289521, 44
1619607821.303812, 45
1619607821.317249, 44
1619607821.331455, 44
1619607821.345316, 45
1619607821.359877, 45
1619607821.374166, 44
1619607821.387508, 44
1619607821.401523, 43
1619607821.415183, 44
1619607821.430015, 44
1619607821.443702, 44
1619607821.457782, 45
1619607821.472408, 44
1619607821.485966, 45
1619607821.499794, 45
1619607821.513091, 45
1619607821.526798, 46
1619607821.539917, 45
1619607821.553129, 45
1619607821.566873, 46
1619607821.580447, 45
1619607821.594387, 44
1619607821.607710, 44
1619607821.621046, 45
1619607821.634562, 44
1619607821.647659, 44
1619607821.661440, 45
1619607821.675205, 45
1619607821.689425, 45
1619607821.703436, 46
1619607821.717064, 47
1619607821.731916, 47
1619607821.746255, 46
1619607821.759899, 46
1619607821.774324, 46
1619607821.788945, 47
1619607821.803378, 45
1619607821.816975, 47
1619607821.830003, 46
1619607821.843022, 46
1619607821.855956, 46
1619607821.869229, 47
1619607821.883578, 46
1619607821.896560, 46
1619607821.911511, 46
1619607821.925640, 46
1619607821.939047, 48
1619607821.953202, 48
1619607821.967454, 47
1619607821.981067, 47
1619607821.994211, 47
1619607822.007134, 47
1619607822.020320, 47
1619607822.033772, 48
1619607822.048123, 45
1619607822.061199, 46
1619607822.075497, 46
1619607822.089068, 47
1619607822.102852, 47
1619607822.116549, 48
1619607822.129858, 46
1619607822.144018, 47
1619607822.157571, 46
1619607822.170624, 49
1619607822.184231, 48
1619607822.197905, 48
1619607822.212364, 48
1619607822.225516, 47
1619607822.239910, 48
1619607822.254070, 48
1619607822.268351, 48
1619607822.282626, 47
1619607822.296894, 46
1619607822.311089, 47
1619607822.324851, 48
1619607822.339123, 48
1619607822.352732, 47
1619607822.367019, 48
1619607822.380710, 47
1619607822.393680, 48
1619607822.406785, 49
1619607822.420445, 48
1619607822.434216, 48
1619607822.448081, 50
1619607822.461682, 49
1619607822.475570, 48
1619607822.489050, 48
1619607822.502610, 48
1619607822.516421, 47
1619607822.530112, 48
1619607822.543822, 47
1619607822.557836, 47
1619607822.571562, 47
1619607822.585757, 47
1619607822.599708, 47
1619607822.613376, 47
1619607822.626611, 47
1619607822.640026, 48
1619607822.653339, 48
1619607822.668207, 47
1619607822.683096, 47
1619607822.698057, 45
1619607822.711766, 39
1619607822.725264, 33
1619607822.739007, 28
1619607822.753337, 22
1619607822.767761, 20
1619607822.781630, 20
1619607822.795325, 21
1619607822.809536, 21
1619607822.823153, 21
1619607822.837265, 21
1619607822.851028, 23
1619607822.865241, 22
1619607822.878260, 23
1619607822.891928, 22
1619607822.905491, 22
1619607822.918613, 23
1619607822.932245, 23
1619607822.946487, 23
1619607822.960691, 22
1619607822.974978, 21
1619607822.988612, 22
1619607823.002862, 22
1619607823.017068, 23
1619607823.031562, 24
1619607823.045275, 24
1619607823.059453, 23
1619607823.072968, 24
1619607823.087200, 23
1619607823.100289, 24
1619607823.113214, 23
1619607823.126306, 23
1619607823.139331, 24
1619607823.153616, 24
1619607823.167339, 24
1619607823.180864, 23
1619607823.194605, 26
1619607823.208223, 24
1619607823.222554, 24
1619607823.237313, 26
1619607823.250974, 25
1619607823.265923, 23
1619607823.279663, 25
1619607823.293825, 24
1619607823.307772, 25
1619607823.321676, 25
1619607823.335571, 24
1619607823.349105, 26
1619607823.363079, 26
1619607823.377900, 26
1619607823.391842, 26
1619607823.405817, 27
1619607823.419559, 28
1619607823.433105, 26
1619607823.446447, 25
1619607823.460134, 26
1619607823.473667, 26
1619607823.486201, 26
1619607823.501096, 26
1619607823.515591, 26
1619607823.529093, 26
1619607823.543576, 26
1619607823.557226, 27
1619607823.571100, 27
1619607823.584880, 28
1619607823.598313, 27
1619607823.612523, 26
1619607823.627725, 26
1619607823.641653, 27
1619607823.655955, 27
1619607823.669567, 27
1619607823.683981, 27
1619607823.697720, 27
1619607823.711853, 27
1619607823.726297, 28
1619607823.741367, 29
1619607823.755150, 29
1619607823.769093, 28
1619607823.783089, 28
1619607823.796977, 29
1619607823.810631, 28
1619607823.824187, 29
1619607823.838455, 29
1619607823.852722, 28
1619607823.867285, 27
1619607823.881922, 28
1619607823.896876, 29
1619607823.910346, 31
1619607823.924413, 30
1619607823.938712, 30
1619607823.952401, 29
1619607823.966745, 30
1619607823.980420, 29
1619607823.994043, 29
1619607824.008912, 30
1619607824.022568, 29
1619607824.036862, 29
1619607824.051498, 29
1619607824.067608, 29
1619607824.081611, 29
1619607824.095262, 30
1619607824.109473, 31
1619607824.123208, 31
1619607824.136788, 31
1619607824.150562, 30
1619607824.164238, 31
1619607824.178534, 30
1619607824.192725, 29
1619607824.206474, 30
1619607824.220158, 30
1619607824.233642, 30
1619607824.247417, 29
1619607824.261787, 30
1619607824.275509, 32
1619607824.290339, 32
1619607824.304500, 32
1619607824.319025, 31
1619607824.332378, 33
1619607824.346627, 32
1619607824.360779, 30
1619607824.375043, 31
1619607824.390054, 31
1619607824.403760, 31
1619607824.418652, 31
1619607824.431609, 31
1619607824.446254, 33
1619607824.460510, 32
1619607824.474225, 31
1619607824.488515, 32
1619607824.502260, 33
1619607824.515880, 34
1619607824.528973, 32
1619607824.543294, 34
1619607824.556829, 33
1619607824.571756, 33
1619607824.585544, 33
1619607824.599414, 32
1619607824.612867, 33
1619607824.626404, 33
1619607824.641328, 32
1619607824.654986, 32
1619607824.669607, 33
1619607824.683974, 34
1619607824.697554, 34
1619607824.712000, 34
1619607824.726270, 35
1619607824.740655, 34
1619607824.753653, 34
1619607824.767512, 33
1619607824.781660, 33
1619607824.795389, 33
1619607824.809201, 33
1619607824.823455, 34
1619607824.838048, 35
1619607824.851621, 34
1619607824.864719, 33
1619607824.878997, 36
1619607824.891873, 35
1619607824.904805, 35
1619607824.918539, 35
1619607824.932255, 35
1619607824.946551, 36
1619607824.960265, 34
1619607824.974579, 34
1619607824.988794, 34
1619607825.002321, 35
1619607825.017793, 35
1619607825.031419, 34
1619607825.044602, 34
1619607825.058830, 35
1619607825.073030, 34
1619607825.086741, 36
1619607825.101022, 36
1619607825.115416, 36
1619607825.129155, 35
1619607825.143674, 36
1619607825.157646, 37
1619607825.171117, 34
1619607825.185977, 35
1619607825.199652, 36
1619607825.213837, 36
1619607825.227645, 36
1619607825.241198, 36
1619607825.255499, 36
1619607825.270363, 36
1619607825.283921, 37
1619607825.297575, 37
1619607825.311203, 37
1619607825.325467, 38
1619607825.339902, 36
1619607825.354157, 37
1619607825.369091, 37
1619607825.383369, 37
1619607825.397522, 37
1619607825.410557, 38
1619607825.424906, 37
1619607825.438646, 38
1619607825.453361, 36
1619607825.467641, 36
1619607825.482234, 37
1619607825.495906, 38
1619607825.509585, 38
1619607825.522618, 39
1619607825.536416, 39
1619607825.550352, 39
1619607825.564655, 38
1619607825.578218, 37
1619607825.591894, 37
1619607825.605656, 37
1619607825.619195, 37
1619607825.632842, 38
1619607825.646486, 39
1619607825.659826, 38
1619607825.673166, 38
1619607825.686856, 38
1619607825.700172, 40
1619607825.713836, 39
1619607825.727508, 39
1619607825.741833, 39
1619607825.755587, 39
1619607825.770545, 39
1619607825.784238, 38
1619607825.797891, 38
1619607825.812837, 38
1619607825.826846, 38
1619607825.840677, 38
1619607825.854618, 40
1619607825.868332, 40
1619607825.882257, 39
1619607825.895606, 38
1619607825.910291, 41
1619607825.924364, 40
1619607825.937991, 40
1619607825.951531, 40
1619607825.965374, 40
1619607825.980394, 40
1619607825.995323, 40
1619607826.009700, 39
1619607826.023602, 39
1619607826.037664, 39
1619607826.051889, 40
1619607826.066274, 40
1619607826.081164, 40
1619607826.095366, 40
1619607826.109023, 40
1619607826.123588, 43
1619607826.137397, 42
1619607826.151785, 42
1619607826.164814, 42
1619607826.178211, 42
1619607826.192577, 43
1619607826.206237, 42
1619607826.219919, 40
1619607826.233503, 42
1619607826.247501, 41
1619607826.260817, 41
1619607826.274604, 41
1619607826.289465, 42
1619607826.302568, 41
1619607826.316193, 41
1619607826.329448, 41
1619607826.343151, 41
1619607826.356364, 42
1619607826.369369, 42
1619607826.384334, 43
1619607826.398530, 42
1619607826.412121, 42
1619607826.425168, 42
1619607826.439824, 41
1619607826.454284, 43
1619607826.468024, 42
1619607826.481655, 42
1619607826.495617, 41
1619607826.509666, 42
1619607826.523248, 43
1619607826.537523, 41
1619607826.550589, 40
1619607826.564278, 42
1619607826.577825, 42
1619607826.592272, 43
1619607826.606587, 43
1619607826.619910, 43
1619607826.633075, 43
1619607826.646839, 43
1619607826.660973, 42
1619607826.674636, 43
1619607826.688333, 43
1619607826.702012, 43
1619607826.715545, 42
1619607826.729063, 43
1619607826.743405, 43
1619607826.757106, 43
1619607826.770591, 43
1619607826.783593, 44
1619607826.797251, 44
1619607826.810153, 43
1619607826.823968, 44
1619607826.838805, 44
1619607826.852480, 44
1619607826.866770, 45
1619607826.881360, 43
1619607826.894951, 44
1619607826.909421, 43
1619607826.922981, 44
1619607826.937223, 43
1619607826.950496, 43
1619607826.964071, 43
1619607826.978046, 44
1619607826.991683, 44
1619607827.006506, 45
1619607827.021502, 46
1619607827.035115, 45
1619607827.048736, 45
1619607827.062319, 45
1619607827.076549, 45
1619607827.090905, 46
1619607827.104560, 45
1619607827.118386, 46
1619607827.131632, 45
1619607827.146135, 45
1619607827.161401, 45
1619607827.176326, 44
1619607827.190753, 45
1619607827.204891, 44
1619607827.218590, 45
1619607827.232209, 46
1619607827.246477, 46
1619607827.260215, 46
1619607827.273902, 46
1619607827.288373, 47
1619607827.301963, 46
1619607827.316147, 46
1619607827.330060, 47
1619607827.344987, 45
1619607827.358954, 45
1619607827.373255, 45
1619607827.386756, 46
1619607827.401093, 46
1619607827.415502, 46
1619607827.429752, 46
1619607827.444173, 47
1619607827.459401, 47
1619607827.473531, 46
1619607827.487884, 47
1619607827.501568, 47
1619607827.514514, 47
1619607827.528743, 48
1619607827.541871, 47
1619607827.556867, 47
1619607827.570385, 46
1619607827.583685, 47
1619607827.597830, 47
1619607827.612783, 47
1619607827.628208, 47
1619607827.642908, 47
1619607827.657236, 47
1619607827.671625, 47
1619607827.685852, 47
1619607827.700204, 47
1619607827.713895, 47
1619607827.727709, 48
1619607827.741350, 48
1619607827.755703, 48
1619607827.770056, 49
1619607827.783911, 48
1619607827.797102, 47
1619607827.811042, 47
1619607827.824505, 48
1619607827.838131, 47
1619607827.851025, 49
1619607827.864270, 48
1619607827.877342, 48
1619607827.890750, 48
1619607827.905009, 47
1619607827.919567, 48
1619607827.933242, 49
1619607827.947101, 50
1619607827.961907, 48
1619607827.975664, 48
1619607827.989879, 48
1619607828.003464, 50
1619607828.017602, 50
1619607828.031932, 48
1619607828.045782, 48
1619607828.059660, 48
1619607828.072502, 48
1619607828.086135, 49
1619607828.101672, 49
1619607828.115931, 49
1619607828.129533, 48
1619607828.144597, 49
1619607828.159684, 49
1619607828.173260, 48
1619607828.186848, 48
1619607828.200471, 49
1619607828.214137, 49
1619607828.228034, 49
1619607828.242801, 50
1619607828.257034, 49
1619607828.271450, 48
1619607828.285583, 48
1619607828.299341, 49
1619607828.312993, 47
1619607828.326737, 48
1619607828.340486, 47
1619607828.354661, 48
1619607828.369056, 47
1619607828.383039, 49
1619607828.397736, 48
1619607828.412146, 47
1619607828.426636, 41
1619607828.440700, 35
1619607828.453852, 29
1619607828.468894, 22
1619607828.481829, 21
1619607828.495777, 22
1619607828.510369, 22
1619607828.524736, 21
1619607828.539037, 21
1619607828.552874, 21
1619607828.566309, 22
1619607828.581367, 24
1619607828.594873, 22
1619607828.609163, 23
1619607828.623619, 24
1619607828.637300, 23
1619607828.651610, 24
1619607828.665789, 23
1619607828.680140, 22
1619607828.693787, 23
1619607828.708613, 23
1619607828.723413, 24
1619607828.738235, 23
1619607828.752406, 24
1619607828.766953, 24
1619607828.780806, 25
1619607828.794401, 24
1619607828.808096, 23
1619607828.821770, 24
1619607828.835724, 24
1619607828.849808, 24
1619607828.863887, 24
1619607828.878744, 24
1619607828.893561, 24
1619607828.908077, 25
1619607828.921497, 24
1619607828.934774, 26
1619607828.948465, 25
1619607828.962697, 26
1619607828.976344, 25
1619607828.990257, 26
1619607829.004425, 26
1619607829.018672, 25
1619607829.032310, 25
1619607829.046604, 25
1619607829.059437, 24
1619607829.072429, 25
1619607829.086803, 25
1619607829.100081, 25
1619607829.113896, 26
1619607829.128220, 27
1619607829.142470, 26
1619607829.156271, 27
1619607829.171187, 26
1619607829.186056, 26
1619607829.200448, 27
1619607829.213531, 26
1619607829.227840, 26
1619607829.241070, 27
1619607829.254578, 26
1619607829.268515, 27
1619607829.281827, 28
1619607829.295306, 28
1619607829.309290, 29
1619607829.321824, 28
1619607829.335423, 28
1619607829.348637, 27
1619607829.361724, 28
1619607829.375774, 27
1619607829.389719, 27
1619607829.402941, 29
1619607829.416158, 29
1619607829.429423, 28
1619607829.443532, 28
1619607829.457370, 27
1619607829.471312, 28
1619607829.485303, 30
1619607829.499007, 29
1619607829.513014, 30
1619607829.526818, 30
1619607829.541097, 28
1619607829.555020, 29
1619607829.569359, 29
1619607829.583390, 30
1619607829.596823, 29
1619607829.610891, 28
1619607829.624137, 29
1619607829.637567, 30
1619607829.651403, 29
1619607829.665496, 31
1619607829.680199, 31
1619607829.694545, 31
1619607829.708062, 30
1619607829.722461, 31
1619607829.736787, 31
1619607829.750905, 30
1619607829.764960, 30
1619607829.779050, 29
1619607829.792278, 30
1619607829.805994, 30
1619607829.820195, 31
1619607829.833513, 30
1619607829.846843, 31
1619607829.859867, 32
1619607829.872948, 31
1619607829.886278, 32
1619607829.900323, 33
1619607829.914325, 32
1619607829.928761, 31
1619607829.943025, 30
1619607829.956167, 31
1619607829.969961, 31
1619607829.983294, 31
1619607829.996998, 32
1619607830.011950, 31
1619607830.025873, 32
1619607830.040258, 33
1619607830.053558, 32
1619607830.067673, 32
1619607830.081544, 33
1619607830.094850, 32
1619607830.108850, 32
1619607830.123745, 31
1619607830.137608, 32
1619607830.151850, 32
1619607830.165635, 33
1619607830.179667, 32
1619607830.193638, 32
1619607830.206215, 33
1619607830.219177, 33
1619607830.232386, 34
1619607830.246725, 34
1619607830.260889, 33
1619607830.275615, 35
1619607830.289157, 34
1619607830.302768, 34
1619607830.316462, 32
1619607830.330062, 33
1619607830.343671, 32
1619607830.357355, 33
1619607830.370982, 33
1619607830.385498, 33
1619607830.400161, 34
1619607830.413848, 34
1619607830.428258, 34
1619607830.442851, 34
1619607830.456452, 34
1619607830.470134, 35
1619607830.483316, 35
1619607830.496398, 35
1619607830.510213, 33
1619607830.524042, 33
1619607830.538426, 33
1619607830.552193, 33
1619607830.566689, 35
1619607830.581511, 35
1619607830.595938, 34
1619607830.609452, 34
1619607830.624047, 33
1619607830.637653, 35
1619607830.651530, 36
1619607830.664913, 37
1619607830.678518, 35
1619607830.693101, 35
1619607830.707868, 36
1619607830.722239, 35
1619607830.735838, 34
1619607830.749624, 36
1619607830.763564, 35
1619607830.777682, 35
1619607830.792260, 35
1619607830.806804, 35
1619607830.821344, 36
1619607830.835954, 37
1619607830.850698, 37
1619607830.864272, 37
1619607830.877887, 37
1619607830.891624, 37
1619607830.906085, 37
1619607830.919788, 36
1619607830.934295, 36
1619607830.948932, 36
1619607830.963888, 36
1619607830.978342, 36
1619607830.992203, 36
1619607831.006876, 36
1619607831.021458, 35
1619607831.035062, 37
1619607831.048716, 38
1619607831.062400, 37
1619607831.076088, 37
1619607831.089723, 38
1619607831.103539, 37
1619607831.117907, 38
1619607831.132166, 36
1619607831.146533, 37
1619607831.160190, 38
1619607831.173882, 37
1619607831.187454, 37
1619607831.201523, 38
1619607831.215851, 38
1619607831.229469, 37
1619607831.243816, 38
1619607831.257450, 39
1619607831.271727, 40
1619607831.285331, 38
1619607831.298272, 39
1619607831.311616, 39
1619607831.324905, 39
1619607831.339207, 38
1619607831.353344, 38
1619607831.366658, 38
1619607831.380900, 38
1619607831.395103, 38
1619607831.410127, 38
1619607831.423775, 39
1619607831.437912, 38
1619607831.451900, 39
1619607831.465184, 40
1619607831.478423, 40
1619607831.492661, 42
1619607831.507077, 41
1619607831.521042, 41
1619607831.534391, 42
1619607831.548607, 40
1619607831.562835, 39
1619607831.577016, 39
1619607831.591267, 40
1619607831.604568, 39
1619607831.617961, 38
1619607831.632173, 40
1619607831.646335, 40
1619607831.660485, 40
1619607831.674870, 41
1619607831.688178, 41
1619607831.702351, 41
1619607831.715193, 41
1619607831.728683, 41
1619607831.741974, 42
1619607831.756228, 40
1619607831.770415, 40
1619607831.785418, 39
1619607831.798434, 40
1619607831.812851, 40
1619607831.826096, 40
1619607831.839527, 41
1619607831.853630, 40
1619607831.867845, 41
1619607831.881095, 42
1619607831.894436, 42
1619607831.907657, 42
1619607831.920694, 41
1619607831.934747, 41
1619607831.949265, 43
1619607831.962920, 42
1619607831.975993, 41
1619607831.989897, 40
1619607832.004245, 42
1619607832.018319, 41
1619607832.032528, 42
1619607832.046724, 41
1619607832.060888, 41
1619607832.076010, 41
1619607832.090398, 42
1619607832.104400, 41
1619607832.118658, 43
1619607832.132217, 43
1619607832.146997, 44
1619607832.161083, 43
1619607832.175568, 43
1619607832.189523, 43
1619607832.203228, 42
1619607832.217002, 42
1619607832.230392, 43
1619607832.244586, 43
1619607832.258704, 42
1619607832.272023, 42
1619607832.285111, 43
1619607832.299342, 42
1619607832.312458, 44
1619607832.326267, 43
1619607832.339741, 44
1619607832.353759, 43
1619607832.368113, 44
1619607832.382314, 44
1619607832.396494, 45
1619607832.410608, 43
1619607832.424325, 43
1619607832.438202, 42
1619607832.453305, 43
1619607832.467469, 43
1619607832.481693, 44
1619607832.496184, 44
1619607832.511148, 43
1619607832.525242, 43
1619607832.538562, 45
1619607832.551949, 44
1619607832.566956, 44
1619607832.581197, 44
1619607832.595649, 45
1619607832.610037, 45
1619607832.624919, 45
1619607832.638240, 45
1619607832.653312, 44
1619607832.667598, 45
1619607832.681825, 45
1619607832.696255, 44
1619607832.711355, 43
1619607832.726161, 44
1619607832.740425, 44
1619607832.753660, 44
1619607832.766975, 46
1619607832.781200, 45
1619607832.795651, 47
1619607832.810502, 46
1619607832.824969, 45
1619607832.839389, 45
1619607832.853350, 45
1619607832.867831, 45
1619607832.882090, 46
1619607832.897177, 45
1619607832.911871, 44
1619607832.926664, 45
1619607832.940971, 45
1619607832.955146, 45
1619607832.970221, 45
1619607832.984539, 45
1619607832.997766, 46
1619607833.012036, 47
1619607833.026178, 47
1619607833.040598, 47
1619607833.053907, 46
1619607833.068974, 46
1619607833.083261, 47
1619607833.097422, 45
1619607833.112087, 45
1619607833.126770, 46
1619607833.140960, 46
1619607833.154222, 46
1619607833.169268, 46
1619607833.183594, 46
1619607833.197777, 46
1619607833.211079, 47
1619607833.226210, 47
1619607833.240336, 47
1619607833.254568, 48
1619607833.268787, 47
1619607833.283002, 47
1619607833.297155, 48
1619607833.311455, 47
1619607833.324677, 46
1619607833.338850, 47
1619607833.353041, 47
1619607833.367225, 46
1619607833.381432, 48
1619607833.395631, 48
1619607833.408970, 47
1619607833.423277, 47
1619607833.437417, 48
1619607833.451698, 49
1619607833.465759, 48
1619607833.479058, 48
1619607833.492337, 48
1619607833.505749, 49
1619607833.519251, 49
1619607833.533681, 48
1619607833.546953, 48
1619607833.561264, 47
1619607833.574505, 48
1619607833.588815, 47
1619607833.603126, 47
1619607833.617277, 48
1619607833.630645, 48
1619607833.644942, 48
1619607833.660066, 48
1619607833.674188, 50
1619607833.688290, 49
1619607833.701595, 49
1619607833.714989, 49
1619607833.729106, 49
1619607833.743291, 48
1619607833.758389, 49
1619607833.772635, 50
1619607833.786871, 48
1619607833.801024, 48
1619607833.814349, 47
1619607833.829573, 47
1619607833.844512, 47
1619607833.857850, 47
1619607833.872075, 49
1619607833.886310, 49
1619607833.899632, 48
1619607833.914680, 49
1619607833.928055, 48
1619607833.942180, 49
1619607833.955514, 48
1619607833.969675, 47
1619607833.984178, 46
1619607833.998340, 45
1619607834.012785, 46
1619607834.027008, 45
1619607834.041241, 37
1619607834.056012, 34
1619607834.069664, 29
1619607834.084106, 22
1619607834.098355, 20
1619607834.112548, 22
1619607834.126992, 22
1619607834.141791, 22
1619607834.156902, 22
1619607834.171066, 22
1619607834.185263, 23
1619607834.199553, 23
1619607834.212852, 22
1619607834.226133, 22
1619607834.239737, 23
1619607834.252757, 22
1619607834.266277, 21
1619607834.280190, 22
1619607834.294381, 22
1619607834.308282, 22
1619607834.321443, 24
1619607834.335533, 24
1619607834.349330, 24
1619607834.362797, 24
1619607834.377242, 24
1619607834.391859, 24
1619607834.406409, 23
1619607834.419686, 24
1619607834.432827, 24
1619607834.445854, 23
1619607834.459518, 24
1619607834.474153, 24
1619607834.488850, 24
1619607834.502757, 25
1619607834.517114, 25
1619607834.531883, 25
1619607834.544873, 26
1619607834.560184, 25
1619607834.573687, 24
1619607834.587846, 24
1619607834.602239, 24
1619607834.616021, 26
1619607834.629445, 25
1619607834.643436, 25
1619607834.657308, 25
1619607834.670523, 25
1619607834.685086, 25
1619607834.698984, 28
1619607834.712924, 27
1619607834.727757, 27
1619607834.741001, 25
1619607834.755931, 26
1619607834.769552, 27
1619607834.784189, 27
1619607834.798046, 26
1619607834.811941, 27
1619607834.825201, 26
1619607834.838552, 27
1619607834.852437, 28
1619607834.866366, 27
1619607834.880230, 28
1619607834.894178, 27
1619607834.908098, 27
1619607834.922567, 26
1619607834.936577, 27
1619607834.950033, 27
1619607834.964017, 27
1619607834.977123, 27
1619607834.991259, 27
1619607835.005684, 27
1619607835.020286, 27
1619607835.034188, 29
1619607835.048179, 29
1619607835.062728, 28
1619607835.076677, 28
1619607835.090627, 30
1619607835.105162, 27
1619607835.119150, 29
1619607835.132951, 28
1619607835.146948, 28
1619607835.161177, 28
1619607835.175368, 28
1619607835.191705, 29
1619607835.204883, 28
1619607835.218076, 29
1619607835.232045, 29
1619607835.245201, 30
1619607835.258371, 30
1619607835.272308, 30
1619607835.285494, 30
1619607835.300164, 29
1619607835.313975, 29
1619607835.327215, 30
1619607835.340107, 30
1619607835.353807, 30
1619607835.368011, 29
1619607835.382093, 29
1619607835.396131, 29
1619607835.409268, 30
1619607835.423271, 31
1619607835.437079, 32
1619607835.450255, 32
1619607835.464164, 31
1619607835.477361, 31
1619607835.490612, 30
1619607835.505178, 31
1619607835.519173, 31
1619607835.533250, 31
1619607835.546815, 31
1619607835.561360, 30
1619607835.574414, 32
1619607835.587875, 31
1619607835.600997, 31
1619607835.614208, 32
1619607835.627526, 32
1619607835.641283, 32
1619607835.655300, 31
1619607835.669871, 32
1619607835.684547, 32
1619607835.697668, 32
1619607835.710649, 32
1619607835.725223, 33
1619607835.739956, 33
1619607835.754435, 32
1619607835.769049, 31
1619607835.783650, 32
1619607835.797563, 34
1619607835.811479, 33
1619607835.824472, 33
1619607835.838313, 33
1619607835.852417, 33
1619607835.866996, 33
1619607835.881644, 32
1619607835.894883, 33
1619607835.909014, 34
1619607835.922557, 32
1619607835.937229, 34
1619607835.950539, 33
1619607835.964879, 33
1619607835.978742, 33
1619607835.992062, 34
1619607836.005836, 34
1619607836.019879, 34
1619607836.033132, 34
1619607836.047118, 34
1619607836.060265, 35
1619607836.073572, 34
1619607836.087388, 34
1619607836.101275, 33
1619607836.115354, 34
1619607836.129180, 35
1619607836.143149, 33
1619607836.156979, 33
1619607836.170926, 34
1619607836.183744, 33
1619607836.197576, 34
1619607836.211327, 35
1619607836.224154, 36
1619607836.237825, 36
1619607836.251987, 36
1619607836.266526, 37
1619607836.280238, 35
1619607836.293625, 35
1619607836.307519, 34
1619607836.322136, 34
1619607836.336736, 34
1619607836.351419, 34
1619607836.366081, 35
1619607836.380733, 35
1619607836.394578, 37
1619607836.408538, 36
1619607836.421892, 37
1619607836.435773, 36
1619607836.449668, 36
1619607836.463767, 36
1619607836.477721, 35
1619607836.491199, 36
1619607836.504976, 36
1619607836.518138, 35
1619607836.531691, 35
1619607836.544452, 36
1619607836.557690, 36
1619607836.571192, 37
1619607836.585145, 36
1619607836.599831, 37
1619607836.613219, 37
1619607836.627224, 38
1619607836.641365, 37
1619607836.655365, 38
1619607836.668578, 37
1619607836.682413, 37
1619607836.695684, 37
1619607836.709528, 37
1619607836.723484, 38
1619607836.737333, 36
1619607836.750529, 37
1619607836.764396, 38
1619607836.777631, 37
1619607836.790833, 37
1619607836.804109, 38
1619607836.817327, 38
1619607836.830710, 37
1619607836.844073, 37
1619607836.857900, 39
1619607836.872063, 38
1619607836.885756, 39
1619607836.899024, 38
1619607836.913154, 39
1619607836.927205, 38
1619607836.941806, 38
1619607836.955699, 38
1619607836.969546, 38
1619607836.983812, 39
1619607836.997714, 38
1619607837.012213, 38
1619607837.025358, 40
1619607837.038645, 39
1619607837.051939, 39
1619607837.065926, 39
1619607837.079156, 40
1619607837.093088, 40
1619607837.107017, 40
1619607837.121752, 40
1619607837.135398, 40
1619607837.149858, 41
1619607837.164021, 41
1619607837.177907, 40
1619607837.192597, 39
1619607837.205710, 39
1619607837.219947, 39
1619607837.232994, 41
1619607837.247687, 40
1619607837.260862, 41
1619607837.274855, 41
1619607837.289427, 41
1619607837.302672, 40
1619607837.316539, 42
1619607837.330425, 39
1619607837.344443, 40
1619607837.358307, 40
1619607837.372196, 40
1619607837.386808, 41
1619607837.400685, 40
1619607837.414764, 41
1619607837.429365, 40
1619607837.444017, 40
1619607837.458007, 41
1619607837.471938, 40
1619607837.486470, 41
1619607837.500677, 42
1619607837.515671, 41
1619607837.528600, 41
1619607837.542442, 41
1619607837.556391, 40
1619607837.570231, 41
1619607837.583954, 40
1619607837.598046, 40
1619607837.611841, 42
1619607837.625859, 41
1619607837.640200, 41
1619607837.654004, 42
1619607837.668673, 43
1619607837.682488, 42
1619607837.697146, 42
1619607837.711821, 41
1619607837.726281, 43
1619607837.740365, 43
1619607837.754419, 41
1619607837.768324, 40
1619607837.781874, 43
1619607837.795136, 42
1619607837.809028, 42
1619607837.822946, 42
1619607837.836151, 41
1619607837.850023, 43
1619607837.863445, 42
1619607837.876461, 43
1619607837.891999, 42
1619607837.905705, 43
1619607837.920594, 44
1619607837.933735, 43
1619607837.947311, 43
1619607837.961159, 44
1619607837.974485, 43
1619607837.988947, 43
1619607838.002918, 42
1619607838.017278, 43
1619607838.030786, 42
1619607838.044477, 43
1619607838.058661, 43
1619607838.073005, 42
1619607838.086526, 43
1619607838.100173, 44
1619607838.113396, 44
1619607838.127735, 45
1619607838.141184, 45
1619607838.154728, 45
1619607838.167699, 44
1619607838.181522, 45
1619607838.195212, 44
1619607838.209129, 43
1619607838.222497, 43
1619607838.236402, 42
1619607838.250276, 43
1619607838.264223, 44
1619607838.278130, 44
1619607838.291374, 44
1619607838.305207, 43
1619607838.319182, 46
1619607838.333015, 46
1619607838.346991, 45
1619607838.361607, 45
1619607838.375539, 45
1619607838.390163, 45
1619607838.404690, 45
1619607838.417909, 45
1619607838.431853, 45
1619607838.445040, 44
1619607838.458009, 44
1619607838.471476, 44
1619607838.484689, 45
1619607838.498821, 45
1619607838.512671, 45
1619607838.525888, 45
1619607838.539146, 46
1619607838.553032, 46
1619607838.566435, 46
1619607838.581024, 46
1619607838.595305, 46
1619607838.608904, 45
1619607838.623016, 47
1619607838.636185, 48
1619607838.650826, 46
1619607838.664718, 45
1619607838.677963, 45
1619607838.693218, 46
1619607838.706443, 45
1619607838.719858, 45
1619607838.733132, 46
1619607838.746420, 46
1619607838.760887, 47
1619607838.775041, 47
1619607838.789323, 48
1619607838.802394, 47
1619607838.816282, 48
1619607838.830185, 48
1619607838.844162, 47
1619607838.859818, 48
1619607838.874172, 47
1619607838.888078, 46
1619607838.901794, 46
1619607838.917266, 46
1619607838.932559, 46
1619607838.945846, 46
1619607838.959868, 46
1619607838.973120, 47
1619607838.986509, 48
1619607839.001757, 48
1619607839.015862, 48
1619607839.030387, 49
1619607839.044943, 48
1619607839.059654, 48
1619607839.073492, 48
1619607839.088437, 47
1619607839.102498, 47
1619607839.117150, 47
1619607839.131103, 47
1619607839.145037, 47
1619607839.159589, 48
1619607839.173526, 48
1619607839.188122, 48
1619607839.202638, 48
1619607839.216106, 48
1619607839.229913, 49
1619607839.243893, 48
1619607839.257642, 49
1619607839.271263, 48
1619607839.285345, 50
1619607839.300235, 50
1619607839.314190, 49
1619607839.328508, 48
1619607839.342613, 48
1619607839.357381, 48
1619607839.371613, 48
1619607839.384880, 47
1619607839.398363, 48
1619607839.411726, 49
1619607839.425134, 48
1619607839.437880, 48
1619607839.451299, 49
1619607839.464710, 49
1619607839.478857, 48
1619607839.492940, 49
1619607839.507126, 49
1619607839.521899, 49
1619607839.536691, 50
1619607839.551011, 49
1619607839.565235, 50
1619607839.579521, 48
1619607839.594138, 49
1619607839.608315, 47
1619607839.623896, 48
1619607839.638579, 48
1619607839.652659, 47
1619607839.666375, 47
1619607839.680582, 47
1619607839.695358, 48
1619607839.709052, 47
1619607839.722452, 44
1619607839.735617, 38
1619607839.749904, 32
1619607839.764090, 26
1619607839.778232, 22
1619607839.791528, 20
1619607839.805615, 22
1619607839.820047, 21
1619607839.834739, 22
1619607839.850179, 21
1619607839.864954, 22
1619607839.879665, 22
1619607839.894179, 22
1619607839.907355, 23
1619607839.921623, 23
1619607839.935409, 23
1619607839.949134, 23
1619607839.963260, 23
1619607839.977268, 22
1619607839.991702, 22
1619607840.005520, 23
1619607840.019715, 23
1619607840.032989, 24
1619607840.047258, 24
1619607840.061836, 24
1619607840.075555, 25
1619607840.089739, 25
1619607840.103786, 24
1619607840.117187, 24
1619607840.130615, 24
1619607840.144687, 24
1619607840.158822, 24
1619607840.172905, 24
1619607840.186915, 25
1619607840.200458, 24
1619607840.213957, 25
1619607840.226753, 25
1619607840.239950, 25
1619607840.253475, 25
1619607840.266881, 25
1619607840.280976, 26
1619607840.294707, 25
1619607840.308187, 25
1619607840.321112, 25
1619607840.334733, 25
1619607840.348793, 25
1619607840.362226, 26
1619607840.376993, 27
1619607840.391154, 26
1619607840.406130, 25
1619607840.419732, 26
1619607840.433701, 26
1619607840.447598, 26
1619607840.460851, 27
1619607840.474922, 26
1619607840.489029, 27
1619607840.502815, 26
1619607840.516946, 27
1619607840.530303, 27
1619607840.544452, 28
1619607840.557233, 27
1619607840.571694, 26
1619607840.585808, 27
1619607840.599716, 28
1619607840.613880, 28
1619607840.627227, 29
1619607840.641998, 28
1619607840.656144, 28
1619607840.669723, 27
1619607840.683933, 27
1619607840.697973, 29
1619607840.711689, 28
1619607840.725221, 28
1619607840.739113, 27
1619607840.752479, 28
1619607840.765930, 28
1619607840.779970, 29
1619607840.793228, 29
1619607840.807335, 30
1619607840.820495, 29
1619607840.833382, 28
1619607840.846895, 28
1619607840.860284, 29
1619607840.873738, 30
1619607840.887201, 29
1619607840.902466, 28
1619607840.916328, 29
1619607840.929665, 29
1619607840.943909, 28
1619607840.958599, 29
1619607840.972586, 31
1619607840.986028, 30
1619607841.000225, 29
1619607841.012932, 31
1619607841.026422, 31
1619607841.041138, 30
1619607841.055336, 29
1619607841.068489, 30
1619607841.081180, 31
1619607841.095001, 30
1619607841.107765, 29
1619607841.121904, 30
1619607841.135993, 30
1619607841.149752, 30
1619607841.163579, 31
1619607841.177538, 32
1619607841.191911, 32
1619607841.206404, 32
1619607841.221143, 32
1619607841.235294, 32
1619607841.248666, 31
1619607841.262864, 31
1619607841.276966, 31
1619607841.291712, 31
1619607841.305746, 31
1619607841.319812, 32
1619607841.333940, 31
1619607841.347370, 31
1619607841.362153, 32
1619607841.376198, 32
1619607841.390973, 32
1619607841.404374, 33
1619607841.417828, 33
1619607841.430534, 31
1619607841.444015, 31
1619607841.457639, 33
1619607841.471964, 32
1619607841.485946, 32
1619607841.500042, 32
1619607841.513436, 33
1619607841.526226, 32
1619607841.539599, 32
1619607841.552784, 33
1619607841.566240, 33
1619607841.579957, 34
1619607841.593703, 34
1619607841.606845, 34
1619607841.620946, 34
1619607841.634374, 33
1619607841.648101, 32
1619607841.661207, 32
1619607841.674545, 33
1619607841.688355, 34
1619607841.701098, 33
1619607841.714514, 34
1619607841.727944, 33
1619607841.740857, 33
1619607841.753811, 34
1619607841.766974, 34
1619607841.780436, 35
1619607841.795163, 36
1619607841.808575, 35
1619607841.821914, 34
1619607841.836695, 35
1619607841.852129, 35
1619607841.866967, 33
1619607841.881028, 35
1619607841.894434, 34
1619607841.909184, 34
1619607841.922605, 34
1619607841.936003, 34
1619607841.949460, 36
1619607841.962581, 36
1619607841.976247, 36
1619607841.989669, 37
1619607842.003089, 36
1619607842.016583, 36
1619607842.029982, 35
1619607842.043683, 35
1619607842.057422, 35
1619607842.070876, 35
1619607842.084946, 35
1619607842.099721, 35
1619607842.114489, 37
1619607842.129293, 36
1619607842.143975, 36
1619607842.157861, 37
1619607842.172775, 38
1619607842.185505, 37
1619607842.199681, 36
1619607842.214626, 37
1619607842.229444, 35
1619607842.244807, 36
1619607842.258313, 37
1619607842.272540, 36
1619607842.285940, 37
1619607842.300688, 37
1619607842.314802, 36
1619607842.328322, 36
1619607842.341606, 36
1619607842.355987, 37
1619607842.369232, 38
1619607842.382736, 38
1619607842.396827, 37
1619607842.410298, 38
1619607842.424251, 38
1619607842.437679, 38
1619607842.451122, 38
1619607842.464692, 37
1619607842.477624, 37
1619607842.491602, 37
1619607842.504379, 38
1619607842.518115, 38
1619607842.532303, 38
1619607842.547444, 37
1619607842.560884, 38
1619607842.575326, 38
1619607842.589273, 39
1619607842.603575, 39
1619607842.617496, 38
1619607842.631044, 39
1619607842.645296, 39
1619607842.659397, 38
1619607842.673113, 38
1619607842.687816, 38
1619607842.700860, 39
1619607842.714641, 39
1619607842.728329, 38
1619607842.741776, 39
1619607842.754977, 39
1619607842.769414, 39
1619607842.782752, 40
1619607842.797245, 40
1619607842.810692, 40
1619607842.824699, 40
1619607842.838845, 40
1619607842.852612, 39
1619607842.866084, 40
1619607842.879639, 39
1619607842.893091, 39
1619607842.906878, 39
1619607842.921083, 40
1619607842.935464, 40
1619607842.949690, 39
1619607842.963886, 39
1619607842.977882, 41
1619607842.991921, 42
1619607843.005996, 40
1619607843.020164, 42
1619607843.033831, 41
1619607843.047300, 41
1619607843.061641, 41
1619607843.075981, 40
1619607843.089224, 40
1619607843.103615, 40
1619607843.117733, 40
1619607843.131737, 41
1619607843.145849, 41
1619607843.160040, 40
1619607843.173378, 40
1619607843.186823, 40
1619607843.200473, 41
1619607843.213855, 42
1619607843.227745, 41
1619607843.241034, 43
1619607843.254875, 43
1619607843.269242, 43
1619607843.282514, 42
1619607843.296947, 42
1619607843.310701, 41
1619607843.323961, 41
1619607843.337234, 41
1619607843.351110, 41
1619607843.364569, 42
1619607843.377837, 42
1619607843.391750, 42
1619607843.405066, 41
1619607843.417991, 42
1619607843.431694, 43
1619607843.445203, 43
1619607843.459350, 43
1619607843.473195, 43
1619607843.487818, 44
1619607843.501332, 43
1619607843.514680, 42
1619607843.528489, 42
1619607843.542121, 43
1619607843.556495, 42
1619607843.570371, 43
1619607843.584259, 44
1619607843.597904, 43
1619607843.611843, 43
1619607843.625099, 44
1619607843.638872, 43
1619607843.652606, 43
1619607843.665304, 43
1619607843.677783, 44
1619607843.691147, 44
1619607843.705066, 44
1619607843.719355, 44
1619607843.732214, 43
1619607843.746659, 43
1619607843.760426, 44
1619607843.773781, 43
1619607843.787773, 43
1619607843.800973, 43
1619607843.814896, 43
1619607843.828766, 44
1619607843.843718, 44
1619607843.856499, 45
1619607843.869788, 45
1619607843.883476, 45
1619607843.896837, 45
1619607843.911220, 44
1619607843.924657, 45
1619607843.937794, 45
1619607843.950920, 44
1619607843.964301, 44
1619607843.978302, 43
1619607843.991676, 45
1619607844.004523, 45
1619607844.018048, 45
1619607844.031998, 45
1619607844.045914, 44
1619607844.059744, 45
1619607844.073649, 47
1619607844.088695, 47
1619607844.103129, 46
1619607844.116974, 46
1619607844.131202, 45
1619607844.145607, 45
1619607844.159775, 46
1619607844.173769, 47
1619607844.187623, 45
1619607844.201252, 45
1619607844.215065, 45
1619607844.229567, 45
1619607844.243440, 46
1619607844.257041, 45
1619607844.271173, 46
1619607844.285355, 46
1619607844.299309, 46
1619607844.313173, 47
1619607844.326468, 46
1619607844.340856, 47
1619607844.354167, 46
1619607844.368477, 47
1619607844.381925, 46
1619607844.395325, 47
1619607844.408858, 46
1619607844.423397, 46
1619607844.437110, 47
1619607844.450807, 46
1619607844.464629, 46
1619607844.478538, 47
1619607844.493931, 47
1619607844.508486, 47
1619607844.522814, 46
1619607844.535766, 48
1619607844.549059, 48
1619607844.563239, 49
1619607844.577594, 48
1619607844.590775, 48
1619607844.604112, 48
1619607844.617918, 47
1619607844.631937, 48
1619607844.645385, 46
1619607844.659230, 47
1619607844.672768, 48
1619607844.686568, 47
1619607844.700876, 48
1619607844.715058, 48
1619607844.729014, 48
1619607844.742962, 48
1619607844.757495, 48
1619607844.772019, 48
1619607844.785763, 47
1619607844.799581, 49
1619607844.813112, 48
1619607844.827421, 49
1619607844.841514, 49
1619607844.855488, 49
1619607844.868745, 48
1619607844.881426, 49
1619607844.894816, 49
1619607844.908453, 49
1619607844.921788, 48
1619607844.936286, 48
1619607844.949600, 48
1619607844.962993, 49
1619607844.976890, 48
1619607844.990810, 49
1619607845.004677, 48
1619607845.018869, 50
1619607845.034218, 49
1619607845.047614, 49
1619607845.061124, 48
1619607845.075635, 50
1619607845.090580, 49
1619607845.104411, 48
1619607845.117974, 49
1619607845.132440, 48
1619607845.146878, 48
1619607845.161504, 47
1619607845.176516, 49
1619607845.189377, 48
1619607845.203507, 48
1619607845.217439, 48
1619607845.231373, 50
1619607845.244971, 49
1619607845.258872, 49
1619607845.272516, 48
1619607845.286967, 48
1619607845.301465, 48
1619607845.316166, 49
1619607845.329636, 49
1619607845.343708, 47
1619607845.357202, 44
1619607845.370600, 39
1619607845.384410, 33
1619607845.398570, 27
1619607845.413627, 22
1619607845.427656, 22
1619607845.442035, 21
1619607845.455892, 22
1619607845.469401, 22
1619607845.483365, 22
1619607845.497752, 23
1619607845.511415, 24
1619607845.525102, 23
1619607845.539084, 23
1619607845.553771, 22
1619607845.567691, 23
1619607845.582289, 23
1619607845.595748, 22
1619607845.609716, 22
1619607845.623950, 22
1619607845.637547, 24
1619607845.651735, 25
1619607845.665030, 24
1619607845.679303, 24
1619607845.694020, 24
1619607845.707355, 24
1619607845.722284, 23
1619607845.736059, 24
1619607845.750315, 23
1619607845.764084, 23
1619607845.778957, 24
1619607845.793036, 24
1619607845.806873, 26
1619607845.821356, 26
1619607845.836265, 25
1619607845.849985, 26
1619607845.864405, 27
1619607845.878809, 26
1619607845.892257, 25
1619607845.906867, 24
1619607845.921292, 24
1619607845.935213, 24
1619607845.949903, 25
1619607845.964132, 25
1619607845.978950, 25
1619607845.992739, 27
1619607846.006706, 25
1619607846.020752, 27
1619607846.034435, 27
1619607846.049042, 27
1619607846.064114, 26
1619607846.077924, 26
1619607846.092130, 27
1619607846.105561, 26
1619607846.119481, 26
1619607846.133353, 26
1619607846.147858, 26
1619607846.161815, 26
1619607846.175132, 27
1619607846.189764, 28
1619607846.203150, 27
1619607846.216928, 28
1619607846.230734, 27
1619607846.245128, 28
1619607846.258414, 27
1619607846.271832, 28
1619607846.285555, 27
1619607846.299955, 27
1619607846.313692, 27
1619607846.327205, 27
1619607846.340722, 27
1619607846.354740, 29
1619607846.368804, 29
1619607846.382986, 29
1619607846.397630, 29
1619607846.411709, 30
1619607846.425867, 28
1619607846.439815, 29
1619607846.453664, 29
1619607846.467886, 28
1619607846.481222, 29
1619607846.495747, 29
1619607846.509525, 28
1619607846.524045, 28
1619607846.538522, 30
1619607846.552889, 30
1619607846.566800, 30
1619607846.580879, 31
1619607846.594544, 30
1619607846.608253, 29
1619607846.622102, 30
1619607846.636287, 29
1619607846.650786, 29
1619607846.664196, 30
1619607846.677500, 29
1619607846.691442, 30
1619607846.705488, 31
1619607846.718665, 29
1619607846.732427, 30
1619607846.746101, 31
1619607846.759967, 32
1619607846.773409, 31
1619607846.786940, 32
1619607846.800210, 30
1619607846.813814, 32
1619607846.827802, 31
1619607846.841134, 31
1619607846.854434, 31
1619607846.868328, 32
1619607846.882036, 31
1619607846.896219, 30
1619607846.910102, 30
1619607846.923546, 32
1619607846.937388, 32
1619607846.951254, 32
1619607846.965903, 32
1619607846.979794, 32
1619607846.993772, 31
1619607847.007719, 32
1619607847.021550, 32
1619607847.035494, 32
1619607847.049780, 31
1619607847.064253, 32
1619607847.079156, 32
1619607847.093281, 32
1619607847.107768, 31
1619607847.121550, 34
1619607847.135849, 33
1619607847.150641, 34
1619607847.163818, 33
1619607847.178290, 34
1619607847.192743, 33
1619607847.206179, 33
1619607847.219698, 32
1619607847.232919, 33
1619607847.246048, 33
1619607847.259402, 31
1619607847.272741, 33
1619607847.287073, 33
1619607847.300313, 34
1619607847.313547, 34
1619607847.326950, 35
1619607847.340666, 34
1619607847.354379, 34
1619607847.368764, 34
1619607847.382078, 34
1619607847.397080, 34
1619607847.411060, 34
1619607847.425503, 34
1619607847.439349, 33
1619607847.453103, 34
1619607847.467798, 35
1619607847.481980, 34
1619607847.496443, 35
1619607847.509734, 36
1619607847.524107, 35
1619607847.537402, 35
1619607847.551359, 35
1619607847.564947, 36
1619607847.577603, 35
1619607847.591329, 35
1619607847.605128, 36
1619607847.618217, 35
1619607847.632001, 35
1619607847.646179, 35
1619607847.660485, 36
1619607847.674761, 36
1619607847.689650, 35
1619607847.703608, 35
1619607847.717321, 36
1619607847.730618, 38
1619607847.744732, 37
1619607847.758882, 37
1619607847.772706, 37
1619607847.787153, 38
1619607847.801579, 37
1619607847.815421, 36
1619607847.829222, 36
1619607847.843083, 36
1619607847.856313, 37
1619607847.869629, 36
1619607847.883542, 36
1619607847.897304, 37
1619607847.911146, 37
1619607847.924423, 37
1619607847.937182, 37
1619607847.950335, 38
1619607847.963878, 37
1619607847.977849, 37
1619607847.991743, 38
1619607848.005546, 37
1619607848.019904, 37
1619607848.033925, 36
1619607848.048614, 38
1619607848.062465, 38
1619607848.076313, 37
1619607848.091434, 38
1619607848.104712, 37
1619607848.117813, 38
1619607848.130503, 39
1619607848.143433, 39
1619607848.156147, 38
1619607848.169984, 38
1619607848.184205, 38
1619607848.196955, 39
1619607848.210735, 38
1619607848.224903, 38
1619607848.238155, 37
1619607848.252900, 38
1619607848.266749, 39
1619607848.279638, 38
1619607848.293310, 37
1619607848.307131, 38
1619607848.320939, 38
1619607848.333680, 39
1619607848.347524, 39
1619607848.360590, 40
1619607848.374173, 39
1619607848.388013, 40
1619607848.401249, 39
1619607848.414497, 40
1619607848.428343, 40
1619607848.441628, 39
1619607848.454888, 39
1619607848.468526, 39
1619607848.482413, 40
1619607848.495981, 39
1619607848.509315, 39
1619607848.522278, 39
1619607848.535425, 39
1619607848.548619, 40
1619607848.562711, 40
1619607848.577422, 40
1619607848.590641, 42
1619607848.604591, 41
1619607848.618999, 41
1619607848.632819, 41
1619607848.647119, 40
1619607848.660992, 40
1619607848.674448, 40
1619607848.688018, 40
1619607848.702401, 39
1619607848.715781, 40
1619607848.730217, 40
1619607848.743660, 40
1619607848.757481, 41
1619607848.772217, 42
1619607848.785513, 41
1619607848.799938, 42
1619607848.812659, 41
1619607848.826022, 43
1619607848.838872, 42
1619607848.852549, 41
1619607848.866882, 41
1619607848.880686, 41
1619607848.895334, 41
1619607848.909988, 41
1619607848.923816, 41
1619607848.937662, 41
1619607848.951574, 40
1619607848.965563, 42
1619607848.978992, 42
1619607848.992925, 43
1619607849.006735, 43
1619607849.021707, 43
1619607849.036868, 42
1619607849.051269, 43
1619607849.066032, 42
1619607849.079761, 41
1619607849.094143, 42
1619607849.107756, 41
1619607849.122052, 42
1619607849.135976, 43
1619607849.150216, 42
1619607849.164088, 42
1619607849.178297, 43
1619607849.192848, 44
1619607849.206595, 44
1619607849.221247, 43
1619607849.234516, 43
1619607849.248411, 43
1619607849.262275, 44
1619607849.276121, 44
1619607849.289411, 44
1619607849.303038, 43
1619607849.317744, 43
1619607849.331147, 43
1619607849.345500, 43
1619607849.359783, 44
1619607849.373316, 43
1619607849.387710, 44
1619607849.400759, 44
1619607849.415194, 45
1619607849.430245, 45
1619607849.444197, 44
1619607849.458613, 44
1619607849.473116, 44
1619607849.487614, 45
1619607849.501071, 45
1619607849.514512, 45
1619607849.529620, 44
1619607849.542815, 43
1619607849.557907, 43
1619607849.572541, 45
1619607849.586503, 45
1619607849.600795, 44
1619607849.615043, 44
1619607849.629540, 45
1619607849.642964, 46
1619607849.657298, 45
1619607849.670601, 45
1619607849.684850, 45
1619607849.698803, 45
1619607849.713101, 46
1619607849.727093, 46
1619607849.741331, 44
1619607849.755570, 45
1619607849.770427, 45
1619607849.783787, 46
1619607849.797912, 45
1619607849.812878, 45
1619607849.827420, 45
1619607849.841050, 45
1619607849.855078, 46
1619607849.868203, 47
1619607849.883232, 47
1619607849.897976, 47
1619607849.911287, 46
1619607849.925292, 47
1619607849.939221, 47
1619607849.954176, 48
1619607849.967928, 48
1619607849.982538, 45
1619607849.996387, 44
1619607850.010228, 46
1619607850.023964, 45
1619607850.037154, 45
1619607850.051541, 46
1619607850.065135, 46
1619607850.079225, 47
1619607850.093075, 48
1619607850.107566, 47
1619607850.120904, 47
1619607850.134752, 48
1619607850.148606, 47
1619607850.161365, 47
1619607850.175452, 46
1619607850.188703, 48
1619607850.201474, 46
1619607850.215031, 46
1619607850.229328, 48
1619607850.242605, 47
1619607850.255832, 46
1619607850.270049, 46
1619607850.284017, 47
1619607850.297292, 47
1619607850.311567, 46
1619607850.326291, 49
1619607850.339768, 48
1619607850.353053, 47
1619607850.366364, 49
1619607850.379638, 48
1619607850.392691, 48
1619607850.407007, 49
1619607850.420627, 47
1619607850.434944, 48
1619607850.449298, 48
1619607850.463254, 47
1619607850.477051, 48
1619607850.491084, 47
1619607850.504870, 48
1619607850.518689, 49
1619607850.532049, 48
1619607850.545113, 48
1619607850.558444, 50
1619607850.572393, 50
1619607850.586226, 50
1619607850.600786, 49
1619607850.613855, 49
1619607850.627316, 48
1619607850.641779, 49
1619607850.655769, 50
1619607850.669377, 49
1619607850.683773, 48
1619607850.697756, 49
1619607850.711784, 49
1619607850.726091, 49
1619607850.740527, 50
1619607850.754883, 49
1619607850.770515, 48
1619607850.784312, 49
1619607850.798779, 49
1619607850.812721, 49
1619607850.825602, 49
1619607850.840039, 49
1619607850.853884, 49
1619607850.867804, 48
1619607850.882021, 49
1619607850.896426, 49
1619607850.910588, 49
1619607850.925351, 50
1619607850.939729, 49
1619607850.953919, 49
1619607850.968314, 49
1619607850.982524, 49
1619607850.996984, 49
1619607851.011533, 50
1619607851.025447, 49
1619607851.039554, 49
1619607851.053371, 48
1619607851.066778, 50
1619607851.080572, 49
1619607851.095033, 48
1619607851.108924, 49
1619607851.122827, 48
1619607851.136702, 49
1619607851.150849, 48
1619607851.164670, 48
1619607851.178553, 47
1619607851.192139, 47
1619607851.205682, 47
1619607851.219354, 47
1619607851.232512, 41
1619607851.246353, 36
1619607851.260294, 30
1619607851.274317, 25
1619607851.287244, 23
1619607851.300959, 22
1619607851.314118, 23
1619607851.328650, 22
1619607851.341759, 22
1619607851.355928, 23
1619607851.370514, 23
1619607851.385023, 22
1619607851.398552, 23
1619607851.413210, 23
1619607851.427390, 22
1619607851.441369, 24
1619607851.456060, 24
1619607851.469877, 24
1619607851.484323, 23
1619607851.498396, 23
1619607851.512257, 24
1619607851.526125, 24
1619607851.540124, 23
1619607851.554157, 23
1619607851.568553, 24
1619607851.581835, 23
1619607851.596541, 24
1619607851.610604, 25
1619607851.624093, 24
1619607851.637614, 24
1619607851.651828, 23
1619607851.665286, 25
1619607851.678622, 25
1619607851.691761, 26
1619607851.704745, 25
1619607851.719214, 25
1619607851.732483, 24
1619607851.745927, 24
1619607851.759162, 25
1619607851.772773, 26
1619607851.785705, 26
1619607851.799171, 25
1619607851.812996, 25
1619607851.827400, 27
1619607851.841174, 26
1619607851.854672, 26
1619607851.868821, 25
1619607851.882194, 27
1619607851.897057, 26
1619607851.910735, 27
1619607851.925295, 26
1619607851.938840, 27
1619607851.952362, 26
1619607851.965752, 26
1619607851.979685, 25
1619607851.993670, 26
1619607852.007027, 26
1619607852.021305, 26
1619607852.035397, 28
1619607852.049286, 28
1619607852.063749, 26
1619607852.077867, 27
1619607852.092205, 27
1619607852.106694, 27
1619607852.120191, 28
1619607852.133777, 29
1619607852.148393, 28
1619607852.162569, 27
1619607852.175461, 28
1619607852.188916, 28
1619607852.202408, 28
1619607852.216734, 29
1619607852.229990, 28
1619607852.244689, 28
1619607852.258528, 28
1619607852.272431, 27
1619607852.287428, 28
1619607852.301473, 29
1619607852.314822, 30
1619607852.328301, 29
1619607852.342396, 29
1619607852.356831, 28
1619607852.370024, 30
1619607852.383735, 28
1619607852.397535, 29
1619607852.411468, 30
1619607852.425644, 30
1619607852.439268, 29
1619607852.453631, 29
1619607852.467918, 29
1619607852.481635, 31
1619607852.495256, 30
1619607852.509678, 30
1619607852.523308, 29
1619607852.536909, 30
1619607852.551129, 30
1619607852.565682, 31
1619607852.579717, 31
1619607852.593565, 31
1619607852.606728, 31
1619607852.619884, 31
1619607852.633444, 31
1619607852.647023, 31
1619607852.661753, 30
1619607852.675527, 31
1619607852.689387, 30
1619607852.702868, 32
1619607852.716567, 31
1619607852.730676, 32
1619607852.744609, 32
1619607852.759705, 32
1619607852.773632, 30
1619607852.787720, 31
1619607852.801575, 32
1619607852.815566, 32
1619607852.829900, 31
1619607852.843602, 32
1619607852.856857, 32
1619607852.869852, 32
1619607852.883591, 31
1619607852.897970, 32
1619607852.911423, 32
1619607852.924996, 33
1619607852.939431, 33
1619607852.953194, 32
1619607852.967195, 32
1619607852.981310, 32
1619607852.995345, 32
1619607853.009204, 33
1619607853.023370, 32
1619607853.036732, 33
1619607853.050935, 33
1619607853.065076, 33
1619607853.078931, 33
1619607853.093397, 33
1619607853.106647, 33
1619607853.120595, 34
1619607853.134750, 34
1619607853.149050, 34
1619607853.162449, 34
1619607853.176071, 33
1619607853.189692, 33
1619607853.203757, 34
1619607853.218111, 33
1619607853.231735, 34
1619607853.246195, 33
1619607853.260442, 33
1619607853.273948, 34
1619607853.288343, 34
1619607853.302770, 34
1619607853.316180, 33
1619607853.330734, 34
1619607853.344045, 33
1619607853.359039, 33
1619607853.373060, 34
1619607853.386482, 33
1619607853.400892, 35
1619607853.414301, 35
1619607853.428682, 34
1619607853.443150, 35
1619607853.456472, 35
1619607853.470917, 34
1619607853.485528, 34
1619607853.499169, 35
1619607853.513533, 35
1619607853.528002, 35
1619607853.542272, 35
1619607853.556707, 35
1619607853.571047, 36
1619607853.585425, 35
1619607853.600198, 34
1619607853.614212, 36
1619607853.629533, 36
1619607853.642984, 35
1619607853.656433, 36
1619607853.670880, 36
1619607853.684361, 36
1619607853.697829, 37
1619607853.712211, 36
1619607853.726587, 36
1619607853.740913, 36
1619607853.755385, 36
1619607853.769900, 37
1619607853.784357, 37
1619607853.798708, 36
1619607853.812397, 37
1619607853.825827, 38
1619607853.840222, 37
1619607853.853639, 37
1619607853.867042, 36
1619607853.881381, 37
1619607853.896176, 37
1619607853.910183, 36
1619607853.923677, 37
1619607853.938013, 37
1619607853.952366, 37
1619607853.966827, 36
1619607853.981214, 37
1619607853.995615, 37
1619607854.010953, 38
1619607854.025300, 37
1619607854.039755, 38
1619607854.054064, 38
1619607854.067591, 39
1619607854.080710, 38
1619607854.093347, 38
1619607854.106864, 37
1619607854.120375, 37
1619607854.134755, 39
1619607854.149096, 39
1619607854.163530, 38
1619607854.177841, 39
1619607854.191316, 39
1619607854.205671, 38
1619607854.220120, 40
1619607854.234505, 39
1619607854.248896, 39
1619607854.263571, 39
1619607854.276498, 38
1619607854.290820, 40
1619607854.305124, 39
1619607854.318898, 39
1619607854.333201, 39
1619607854.347571, 39
1619607854.362580, 39
1619607854.376217, 39
1619607854.389937, 39
1619607854.403146, 39
1619607854.416519, 40
1619607854.429882, 40
1619607854.442393, 40
1619607854.456515, 40
1619607854.470096, 40
1619607854.483802, 40
1619607854.498296, 40
1619607854.512380, 40
1619607854.526715, 40
1619607854.541642, 40
1619607854.555404, 40
1619607854.568534, 40
1619607854.582192, 40
1619607854.595695, 40
1619607854.609390, 41
1619607854.623588, 41
1619607854.636878, 41
1619607854.651490, 41
1619607854.665539, 41
1619607854.679222, 41
1619607854.692216, 42
1619607854.705273, 42
1619607854.720494, 41
1619607854.733377, 41
1619607854.746521, 41
1619607854.760664, 42
1619607854.775526, 41
1619607854.789977, 42
1619607854.804084, 41
1619607854.817685, 42
1619607854.831210, 40
1619607854.845017, 42
1619607854.859416, 41
1619607854.873168, 42
1619607854.886868, 41
1619607854.900310, 41
1619607854.914879, 42
1619607854.929133, 43
1619607854.943782, 42
1619607854.957790, 42
1619607854.972198, 42
1619607854.986583, 42
1619607855.000888, 41
1619607855.015284, 42
1619607855.029816, 42
1619607855.043500, 43
1619607855.056987, 43
1619607855.070663, 42
1619607855.084152, 43
1619607855.098571, 43
1619607855.113484, 43
1619607855.126590, 44
1619607855.141586, 43
1619607855.155885, 42
1619607855.170832, 44
1619607855.184454, 43
1619607855.198882, 42
1619607855.213145, 43
1619607855.226558, 44
1619607855.240558, 43
1619607855.254287, 43
1619607855.268594, 43
1619607855.282215, 43
1619607855.296942, 43
1619607855.310974, 43
1619607855.324997, 43
1619607855.338347, 44
1619607855.352065, 43
1619607855.365873, 44
1619607855.380159, 45
1619607855.394355, 44
1619607855.407609, 44
1619607855.421927, 44
1619607855.436222, 44
1619607855.450528, 44
1619607855.464801, 44
1619607855.479747, 44
1619607855.494058, 45
1619607855.508330, 45
1619607855.522012, 45
1619607855.535757, 44
1619607855.548560, 45
1619607855.562096, 44
1619607855.575791, 45
1619607855.589038, 44
1619607855.602867, 45
1619607855.616619, 45
1619607855.630685, 45
1619607855.644896, 46
1619607855.658992, 45
1619607855.673063, 45
1619607855.686879, 45
1619607855.701441, 45
1619607855.716167, 45
1619607855.728827, 45
1619607855.743123, 46
1619607855.756863, 45
1619607855.769697, 46
1619607855.783552, 45
1619607855.797162, 45
1619607855.810750, 45
1619607855.825163, 46
1619607855.838857, 46
1619607855.853117, 46
1619607855.867467, 46
1619607855.881994, 47
1619607855.896827, 46
1619607855.911214, 46
1619607855.925410, 46
1619607855.939717, 46
1619607855.953150, 46
1619607855.967561, 45
1619607855.980852, 47
1619607855.993938, 46
1619607856.007650, 47
1619607856.021305, 48
1619607856.035000, 47
1619607856.047997, 46
1619607856.061219, 46
1619607856.074330, 47
1619607856.087374, 46
1619607856.101414, 47
1619607856.115208, 48
1619607856.129059, 47
1619607856.142405, 47
1619607856.157316, 48
1619607856.171751, 47
1619607856.186105, 47
1619607856.200407, 47
1619607856.214475, 48
1619607856.228482, 47
1619607856.243740, 49
1619607856.258277, 48
1619607856.273120, 47
1619607856.287082, 47
1619607856.302055, 48
1619607856.315835, 47
1619607856.329085, 48
1619607856.343518, 48
1619607856.358034, 48
1619607856.371976, 47
1619607856.386555, 48
1619607856.400338, 48
1619607856.413990, 48
1619607856.428031, 48
1619607856.441730, 48
1619607856.455305, 49
1619607856.469674, 47
1619607856.484072, 48
1619607856.498553, 48
1619607856.512048, 50
1619607856.525868, 49
1619607856.539898, 47
1619607856.553286, 49
1619607856.567714, 48
1619607856.580751, 48
1619607856.594492, 50
1619607856.608194, 49
1619607856.621528, 49
1619607856.635846, 49
1619607856.649506, 50
1619607856.663179, 49
1619607856.676297, 50
1619607856.690120, 49
1619607856.703814, 49
1619607856.716923, 49
1619607856.730464, 49
1619607856.744188, 50
1619607856.757804, 49
1619607856.770885, 49
1619607856.784542, 49
1619607856.798246, 50
1619607856.812000, 50
1619607856.825643, 49
1619607856.839116, 48
1619607856.852247, 49
1619607856.865295, 49
1619607856.878629, 49
1619607856.892178, 49
1619607856.905784, 49
1619607856.919506, 48
1619607856.932630, 49
1619607856.946361, 49
1619607856.960442, 49
1619607856.974284, 49
1619607856.988600, 48
1619607857.002400, 48
1619607857.016005, 49
1619607857.029720, 49
1619607857.042981, 49
1619607857.055651, 49
1619607857.069550, 48
1619607857.083557, 42
1619607857.097224, 36
1619607857.110740, 30
1619607857.125352, 25
1619607857.139885, 22
1619607857.153304, 23
1619607857.167028, 23
1619607857.182014, 22
1619607857.196353, 22
1619607857.209614, 23
1619607857.222703, 23
1619607857.237001, 23
1619607857.250758, 22
1619607857.264091, 22
1619607857.278442, 22
1619607857.292165, 23
1619607857.306886, 24
1619607857.321198, 24
1619607857.335138, 24
1619607857.348010, 23
1619607857.361134, 24
1619607857.373715, 23
1619607857.387062, 23
1619607857.401388, 24
1619607857.414369, 24
1619607857.427887, 23
1619607857.441241, 25
1619607857.455615, 25
1619607857.469367, 24
1619607857.483100, 24
1619607857.496255, 24
1619607857.510630, 25
1619607857.524427, 24
1619607857.538770, 25
1619607857.552973, 24
1619607857.566631, 24
1619607857.580960, 25
1619607857.594652, 26
1619607857.608376, 25
1619607857.622618, 25
1619607857.636438, 25
1619607857.650127, 25
1619607857.664352, 27
1619607857.678061, 26
1619607857.690863, 26
1619607857.703734, 26
1619607857.717103, 26
1619607857.730115, 26
1619607857.743608, 27
1619607857.758061, 26
1619607857.772399, 26
1619607857.787286, 26
1619607857.801017, 26
1619607857.815299, 25
1619607857.829034, 26
1619607857.843627, 27
1619607857.857163, 27
1619607857.870652, 27
1619607857.883766, 27
1619607857.898027, 27
1619607857.911225, 27
1619607857.925188, 27
1619607857.938532, 27
1619607857.952251, 27
1619607857.965535, 28
1619607857.978787, 29
1619607857.992583, 28
1619607858.006326, 28
1619607858.020078, 27
1619607858.034288, 28
1619607858.048720, 28
1619607858.062444, 27
1619607858.076718, 28
1619607858.089910, 29
1619607858.104247, 28
1619607858.118224, 29
1619607858.132657, 28
1619607858.146901, 29
1619607858.160550, 29
1619607858.174848, 29
1619607858.189232, 29
1619607858.203687, 29
1619607858.217340, 29
1619607858.231033, 30
1619607858.245988, 30
1619607858.259982, 30
1619607858.272994, 30
1619607858.287347, 29
1619607858.300882, 30
1619607858.316472, 30
1619607858.329976, 30
1619607858.343492, 29
1619607858.357091, 29
1619607858.370847, 31
1619607858.385187, 29
1619607858.399659, 29
1619607858.414003, 30
1619607858.428922, 31
1619607858.443419, 30
1619607858.457687, 29
1619607858.471699, 31
1619607858.486394, 31
1619607858.501069, 31
1619607858.515344, 31
1619607858.528116, 32
1619607858.542656, 30
1619607858.556795, 30
1619607858.571654, 31
1619607858.585693, 32
1619607858.600015, 30
1619607858.613108, 31
1619607858.627787, 32
1619607858.641424, 31
1619607858.655079, 31
1619607858.668670, 31
1619607858.682971, 32
1619607858.697313, 33
1619607858.711020, 32
1619607858.724676, 32
1619607858.738967, 32
1619607858.752570, 31
1619607858.765737, 32
1619607858.779075, 32
1619607858.791917, 32
1619607858.806331, 32
1619607858.820591, 32
1619607858.833899, 32
1619607858.847680, 33
1619607858.861352, 34
1619607858.875856, 33
1619607858.889555, 33
1619607858.903965, 33
1619607858.917604, 32
1619607858.931360, 32
1619607858.946178, 33
1619607858.959924, 34
1619607858.973684, 33
1619607858.987792, 33
1619607859.001768, 34
1619607859.015470, 34
1619607859.028430, 33
1619607859.041148, 33
1619607859.054989, 34
1619607859.069097, 35
1619607859.083238, 33
1619607859.096846, 34
1619607859.110975, 35
1619607859.125226, 34
1619607859.138781, 34
1619607859.152927, 33
1619607859.166675, 34
1619607859.180381, 36
1619607859.193583, 34
1619607859.207894, 35
1619607859.222386, 34
1619607859.236686, 34
1619607859.249608, 35
1619607859.264604, 33
1619607859.278326, 35
1619607859.292451, 35
1619607859.305849, 35
1619607859.320713, 35
1619607859.334241, 35
1619607859.348408, 35
1619607859.362647, 35
1619607859.376917, 35
1619607859.391137, 35
1619607859.405240, 35
1619607859.419827, 35
1619607859.433835, 35
1619607859.447858, 37
1619607859.462122, 37
1619607859.476211, 36
1619607859.489722, 36
1619607859.503925, 36
1619607859.517753, 36
1619607859.531800, 36
1619607859.545996, 36
1619607859.560403, 36
1619607859.573888, 37
1619607859.588725, 37
1619607859.604140, 36
1619607859.618982, 38
1619607859.633220, 37
1619607859.647370, 36
1619607859.660411, 36
1619607859.674933, 37
1619607859.688396, 38
1619607859.702612, 37
1619607859.716785, 37
1619607859.730992, 36
1619607859.744758, 36
1619607859.758305, 37
1619607859.773018, 37
1619607859.786854, 37
1619607859.800495, 37
1619607859.813981, 37
1619607859.827923, 37
1619607859.841785, 37
1619607859.855973, 36
1619607859.869487, 39
1619607859.883127, 38
1619607859.897339, 38
1619607859.911526, 38
1619607859.925719, 38
1619607859.939305, 39
1619607859.952838, 39
1619607859.966672, 37
1619607859.980222, 38
1619607859.994035, 38
1619607860.007796, 39
1619607860.021108, 39
1619607860.034585, 38
1619607860.047905, 38
1619607860.061508, 39
1619607860.076034, 39
1619607860.089221, 39
1619607860.102773, 39
1619607860.117063, 39
1619607860.130179, 38
1619607860.144356, 40
1619607860.158545, 40
1619607860.172845, 39
1619607860.185746, 40
1619607860.199651, 39
1619607860.213112, 39
1619607860.227024, 39
1619607860.240725, 40
1619607860.254932, 39
1619607860.268510, 39
1619607860.283327, 39
1619607860.297909, 41
1619607860.311743, 41
1619607860.326256, 40
1619607860.339960, 40
1619607860.353666, 40
1619607860.368120, 40
1619607860.382362, 40
1619607860.396203, 39
1619607860.409435, 41
1619607860.424075, 40
1619607860.438437, 40
1619607860.452036, 40
1619607860.465128, 40
1619607860.478962, 41
1619607860.492554, 40
1619607860.506358, 40
1619607860.520484, 42
1619607860.534878, 42
1619607860.549439, 42
1619607860.564287, 41
1619607860.577143, 41
1619607860.591344, 41
1619607860.604812, 41
1619607860.617955, 41
1619607860.631308, 41
1619607860.644212, 42
1619607860.658271, 44
1619607860.673062, 43
1619607860.687079, 43
1619607860.700683, 43
1619607860.714361, 43
1619607860.729416, 43
1619607860.744053, 43
1619607860.757445, 42
1619607860.771891, 42
1619607860.785585, 42
1619607860.799520, 42
1619607860.813292, 42
1619607860.827585, 41
1619607860.842373, 43
1619607860.856270, 42
1619607860.870737, 42
1619607860.883950, 41
1619607860.898063, 44
1619607860.911793, 44
1619607860.925866, 44
1619607860.940599, 44
1619607860.954331, 44
1619607860.968130, 44
1619607860.982350, 44
1619607860.996554, 43
1619607861.010282, 44
1619607861.025756, 44
1619607861.040451, 43
1619607861.054633, 43
1619607861.068764, 44
1619607861.083169, 43
1619607861.097269, 43
1619607861.111319, 44
1619607861.125027, 44
1619607861.138755, 44
1619607861.152501, 44
1619607861.166007, 44
1619607861.179675, 45
1619607861.193935, 44
1619607861.208451, 44
1619607861.222112, 44
1619607861.236278, 44
1619607861.249894, 45
1619607861.262856, 44
1619607861.276598, 44
1619607861.290324, 44
1619607861.303868, 45
1619607861.318102, 43
1619607861.331817, 44
1619607861.346027, 46
1619607861.359786, 46
1619607861.374053, 46
1619607861.388300, 45
1619607861.402382, 46
1619607861.416729, 45
1619607861.430436, 46
1619607861.443621, 44
1619607861.457517, 46
1619607861.471837, 46
1619607861.485498, 44
1619607861.499821, 46
1619607861.513156, 45
1619607861.527477, 45
1619607861.541075, 45
1619607861.554933, 45
1619607861.570032, 46
1619607861.583679, 47
1619607861.597858, 47
1619607861.612759, 46
1619607861.628029, 47
1619607861.641696, 47
1619607861.655517, 46
1619607861.669478, 46
1619607861.683486, 45
1619607861.698192, 47
1619607861.711763, 45
1619607861.725324, 47
1619607861.739637, 46
1619607861.753066, 46
1619607861.766646, 46
1619607861.781489, 46
1619607861.795249, 47
1619607861.810061, 47
1619607861.823190, 48
1619607861.837483, 47
1619607861.851755, 48
1619607861.865253, 48
1619607861.879529, 48
1619607861.893647, 48
1619607861.907630, 47
1619607861.921567, 46
1619607861.936310, 46
1619607861.949921, 46
1619607861.965319, 48
1619607861.979669, 48
1619607861.993201, 48
1619607862.007601, 47
1619607862.021126, 49
1619607862.035994, 47
1619607862.050242, 49
1619607862.063598, 48
1619607862.077735, 48
1619607862.092175, 48
1619607862.105599, 49
1619607862.119152, 48
1619607862.132680, 49
1619607862.146186, 47
1619607862.159455, 48
1619607862.173443, 47
1619607862.187840, 47
1619607862.202021, 48
1619607862.215736, 47
1619607862.229831, 47
1619607862.243673, 48
1619607862.257206, 49
1619607862.271115, 50
1619607862.284185, 49
1619607862.297492, 49
1619607862.310851, 50
1619607862.324891, 50
1619607862.338707, 49
1619607862.352434, 49
1619607862.366968, 49
1619607862.380945, 48
1619607862.395498, 47
1619607862.409418, 48
1619607862.423685, 47
1619607862.436830, 47
1619607862.451154, 47
1619607862.465615, 48
1619607862.480155, 47
1619607862.494145, 48
1619607862.508661, 48
1619607862.522528, 48
1619607862.536362, 47
1619607862.550610, 48
1619607862.564460, 48
1619607862.579042, 47
1619607862.594088, 47
1619607862.607766, 42
1619607862.621614, 37
1619607862.635345, 33
1619607862.649547, 27
1619607862.662859, 21
1619607862.677359, 21
1619607862.691118, 22
1619607862.704989, 22
1619607862.718136, 21
1619607862.731413, 22
1619607862.745399, 22
1619607862.759506, 24
1619607862.772951, 24
1619607862.786923, 22
1619607862.799957, 23
1619607862.812667, 23
1619607862.826795, 23
1619607862.840757, 23
1619607862.854908, 23
1619607862.868276, 23
1619607862.881529, 22
1619607862.895567, 24
1619607862.910085, 25
1619607862.924657, 24
1619607862.938076, 24
1619607862.951834, 23
1619607862.966575, 24
1619607862.980074, 23
1619607862.994022, 24
1619607863.008155, 24
1619607863.022412, 24
1619607863.035805, 24
1619607863.049237, 24
1619607863.063503, 24
1619607863.077237, 24
1619607863.090662, 26
1619607863.104126, 25
1619607863.117656, 26
1619607863.131982, 24
1619607863.145726, 25
1619607863.159158, 24
1619607863.172700, 25
1619607863.185846, 25
1619607863.199628, 25
1619607863.213044, 25
1619607863.226550, 25
1619607863.240138, 25
1619607863.254033, 27
1619607863.267892, 26
1619607863.281287, 27
1619607863.294889, 26
1619607863.309208, 27
1619607863.322798, 26
1619607863.336910, 26
1619607863.350781, 25
1619607863.363919, 26
1619607863.377184, 26
1619607863.391353, 26
1619607863.404297, 26
1619607863.417341, 26
1619607863.430395, 27
1619607863.443554, 28
1619607863.456833, 28
1619607863.470918, 27
1619607863.484865, 28
1619607863.497943, 28
1619607863.511915, 27
1619607863.525359, 28
1619607863.538838, 28
1619607863.552862, 27
1619607863.565757, 27
1619607863.579782, 28
1619607863.5