1619607637.783054, 0
1619607637.797622, 0
1619607637.811739, 2
1619607637.825659, 0
1619607637.839925, 3
1619607637.853669, 0
1619607637.867700, 5
1619607637.883722, 7
1619607637.898800, 15
1619607637.912690, 15
1619607637.927764, 20
1619607637.941715, 22
1619607637.956719, 25
1619607637.971710, 31
1619607637.984710, 34
1619607637.999910, 39
1619607638.013812, 42
1619607638.028141, 44
1619607638.041910, 50
1619607638.056258, 53
1619607638.070196, 57
1619607638.084195, 61
1619607638.098245, 65
1619607638.112267, 69
1619607638.127175, 74
1619607638.141210, 79
1619607638.154986, 83
1619607638.169021, 85
1619607638.182163, 89
1619607638.197022, 94
1619607638.210691, 99
1619607638.225079, 99
1619607638.239160, 99
1619607638.254099, 100
1619607638.267672, 99
1619607638.281091, 99
1619607638.295327, 99
1619607638.310099, 100
1619607638.325093, 100
1619607638.338721, 100
1619607638.352698, 100
1619607638.365698, 99
1619607638.380244, 99
1619607638.393952, 98
1619607638.407988, 99
1619607638.421978, 99
1619607638.436163, 99
1619607638.449975, 100
1619607638.463996, 100
1619607638.480105, 100
1619607638.493968, 100
1619607638.507764, 99
1619607638.522008, 100
1619607638.536061, 99
1619607638.551066, 100
1619607638.565278, 100
1619607638.579106, 99
1619607638.593154, 99
1619607638.608111, 99
1619607638.622420, 99
1619607638.636097, 100
1619607638.651104, 99
1619607638.665166, 99
1619607638.680157, 99
1619607638.693274, 100
1619607638.708414, 100
1619607638.723225, 100
1619607638.738188, 99
1619607638.752212, 98
1619607638.765237, 99
1619607638.778259, 99
1619607638.792300, 99
1619607638.806391, 99
1619607638.821339, 99
1619607638.836313, 99
1619607638.850366, 100
1619607638.864349, 99
1619607638.878418, 100
1619607638.893372, 100
1619607638.908470, 99
1619607638.922403, 100
1619607638.937567, 99
1619607638.952488, 96
1619607638.967465, 100
1619607638.980550, 99
1619607638.994467, 98
1619607639.008503, 98
1619607639.022518, 96
1619607639.036629, 100
1619607639.051855, 99
1619607639.066606, 100
1619607639.082481, 99
1619607639.095523, 98
1619607639.109673, 97
1619607639.124583, 100
1619607639.139679, 98
1619607639.154589, 96
1619607639.167769, 96
1619607639.180573, 97
1619607639.193623, 98
1619607639.208220, 99
1619607639.221691, 99
1619607639.235682, 99
1619607639.249646, 96
1619607639.263568, 96
1619607639.278025, 98
1619607639.290883, 98
1619607639.305034, 96
1619607639.318694, 96
1619607639.333185, 97
1619607639.346834, 96
1619607639.361271, 96
1619607639.375808, 99
1619607639.391134, 94
1619607639.404773, 94
1619607639.420124, 96
1619607639.433711, 98
1619607639.447767, 97
1619607639.461898, 98
1619607639.475929, 98
1619607639.490007, 98
1619607639.503710, 99
1619607639.517578, 100
1619607639.532168, 94
1619607639.546653, 93
1619607639.561071, 96
1619607639.574790, 94
1619607639.588410, 91
1619607639.602104, 91
1619607639.616580, 92
1619607639.630356, 91
1619607639.643788, 93
1619607639.657439, 97
1619607639.672170, 93
1619607639.687568, 92
1619607639.702190, 95
1619607639.715962, 94
1619607639.730312, 92
1619607639.743177, 93
1619607639.757666, 95
1619607639.772148, 94
1619607639.785850, 95
1619607639.800353, 99
1619607639.813974, 94
1619607639.828065, 91
1619607639.841328, 89
1619607639.855069, 88
1619607639.868780, 84
1619607639.882424, 79
1619607639.895218, 75
1619607639.908115, 73
1619607639.921845, 71
1619607639.935526, 73
1619607639.949134, 73
1619607639.962802, 70
1619607639.976086, 69
1619607639.989311, 67
1619607640.002703, 66
1619607640.017195, 63
1619607640.031687, 61
1619607640.045094, 60
1619607640.058558, 56
1619607640.072021, 56
1619607640.086141, 56
1619607640.100312, 52
1619607640.114059, 52
1619607640.128513, 52
1619607640.142197, 52
1619607640.155952, 51
1619607640.169517, 52
1619607640.183152, 48
1619607640.196951, 43
1619607640.211378, 38
1619607640.225309, 38
1619607640.238181, 39
1619607640.253241, 40
1619607640.266963, 41
1619607640.281249, 38
1619607640.295153, 38
1619607640.309244, 38
1619607640.323062, 39
1619607640.336714, 40
1619607640.351075, 40
1619607640.364785, 39
1619607640.378661, 39
1619607640.392970, 39
1619607640.407675, 39
1619607640.421871, 40
1619607640.436241, 40
1619607640.449390, 41
1619607640.463620, 39
1619607640.478156, 39
1619607640.491993, 40
1619607640.505104, 40
1619607640.519538, 39
1619607640.533914, 40
1619607640.547667, 40
1619607640.562496, 38
1619607640.576240, 37
1619607640.589913, 40
1619607640.604262, 41
1619607640.617991, 40
1619607640.632346, 42
1619607640.645506, 42
1619607640.659047, 40
1619607640.672188, 39
1619607640.685362, 40
1619607640.698613, 41
1619607640.712180, 39
1619607640.725108, 40
1619607640.738275, 40
1619607640.752861, 41
1619607640.766628, 39
1619607640.780734, 38
1619607640.794788, 40
1619607640.808559, 38
1619607640.822383, 39
1619607640.836489, 40
1619607640.850663, 41
1619607640.864941, 39
1619607640.879256, 39
1619607640.893386, 39
1619607640.907006, 38
1619607640.921892, 39
1619607640.936787, 39
1619607640.950375, 38
1619607640.963880, 39
1619607640.978139, 39
1619607640.992507, 40
1619607641.007104, 39
1619607641.022429, 39
1619607641.035967, 41
1619607641.050565, 41
1619607641.065293, 42
1619607641.079096, 41
1619607641.093348, 41
1619607641.107099, 40
1619607641.121495, 39
1619607641.135833, 40
1619607641.149508, 41
1619607641.163648, 39
1619607641.178140, 40
1619607641.191538, 41
1619607641.205033, 41
1619607641.218207, 39
1619607641.231979, 40
1619607641.246151, 41
1619607641.261225, 41
1619607641.275479, 41
1619607641.289408, 41
1619607641.303754, 42
1619607641.317222, 41
1619607641.331700, 39
1619607641.345467, 40
1619607641.359637, 40
1619607641.374510, 40
1619607641.387953, 40
1619607641.401079, 40
1619607641.414054, 41
1619607641.428187, 40
1619607641.441859, 40
1619607641.455426, 41
1619607641.468936, 41
1619607641.482917, 41
1619607641.495894, 41
1619607641.509928, 42
1619607641.523522, 43
1619607641.536999, 42
1619607641.550920, 41
1619607641.564438, 41
1619607641.578594, 41
1619607641.592474, 41
1619607641.606522, 40
1619607641.620572, 41
1619607641.634487, 41
1619607641.648346, 42
1619607641.662063, 42
1619607641.675122, 42
1619607641.688484, 42
1619607641.703592, 42
1619607641.717452, 42
1619607641.731132, 42
1619607641.744971, 43
1619607641.759596, 43
1619607641.773493, 42
1619607641.787000, 42
1619607641.800759, 42
1619607641.814288, 41
1619607641.828512, 41
1619607641.842569, 42
1619607641.856774, 42
1619607641.870436, 43
1619607641.884030, 43
1619607641.898021, 43
1619607641.912460, 43
1619607641.926809, 42
1619607641.941308, 43
1619607641.955445, 43
1619607641.968807, 43
1619607641.983614, 42
1619607641.997576, 44
1619607642.011806, 43
1619607642.025075, 43
1619607642.038638, 43
1619607642.052632, 43
1619607642.065860, 43
1619607642.080365, 43
1619607642.093939, 45
1619607642.107540, 45
1619607642.121232, 45
1619607642.135212, 46
1619607642.149092, 45
1619607642.163133, 45
1619607642.177139, 45
1619607642.191946, 44
1619607642.205424, 43
1619607642.219033, 44
1619607642.232993, 44
1619607642.247257, 44
1619607642.261230, 44
1619607642.275143, 44
1619607642.289115, 44
1619607642.303558, 45
1619607642.317625, 45
1619607642.331200, 47
1619607642.344740, 47
1619607642.358299, 46
1619607642.372764, 46
1619607642.386871, 46
1619607642.401359, 47
1619607642.415836, 46
1619607642.430417, 45
1619607642.444245, 47
1619607642.458246, 47
1619607642.472555, 46
1619607642.485773, 46
1619607642.498931, 47
1619607642.512934, 46
1619607642.527517, 48
1619607642.540957, 47
1619607642.555008, 48
1619607642.569523, 48
1619607642.584617, 48
1619607642.598317, 48
1619607642.613028, 47
1619607642.626566, 48
1619607642.641259, 47
1619607642.655598, 47
1619607642.670530, 47
1619607642.684051, 47
1619607642.698111, 48
1619607642.712679, 47
1619607642.726118, 47
1619607642.740390, 47
1619607642.754017, 47
1619607642.767816, 48
1619607642.781788, 48
1619607642.796278, 48
1619607642.809078, 49
1619607642.823046, 49
1619607642.836654, 48
1619607642.850318, 48
1619607642.863400, 48
1619607642.876818, 47
1619607642.889594, 48
1619607642.903214, 48
1619607642.916638, 48
1619607642.929655, 48
1619607642.942911, 49
1619607642.956389, 48
1619607642.969390, 48
1619607642.983482, 49
1619607642.997377, 48
1619607643.010990, 49
1619607643.024476, 49
1619607643.038475, 51
1619607643.051957, 50
1619607643.065938, 51
1619607643.078991, 50
1619607643.092946, 51
1619607643.107048, 50
1619607643.120483, 49
1619607643.133993, 49
1619607643.146650, 49
1619607643.159604, 50
1619607643.173459, 49
1619607643.186659, 49
1619607643.200409, 50
1619607643.213409, 50
1619607643.227226, 50
1619607643.241049, 49
1619607643.254633, 50
1619607643.267648, 50
1619607643.280881, 51
1619607643.294980, 52
1619607643.309933, 51
1619607643.323200, 51
1619607643.336592, 52
1619607643.350879, 51
1619607643.363823, 50
1619607643.377383, 50
1619607643.390920, 50
1619607643.403909, 49
1619607643.417501, 51
1619607643.431453, 51
1619607643.445304, 52
1619607643.458640, 51
1619607643.471814, 51
1619607643.485113, 52
1619607643.498240, 51
1619607643.512497, 50
1619607643.526069, 51
1619607643.539380, 51
1619607643.553062, 51
1619607643.567124, 50
1619607643.581117, 50
1619607643.595336, 50
1619607643.608714, 50
1619607643.622232, 50
1619607643.636301, 49
1619607643.650217, 50
1619607643.664727, 51
1619607643.679288, 52
1619607643.692781, 53
1619607643.707233, 52
1619607643.721761, 52
1619607643.735729, 52
1619607643.749515, 52
1619607643.763523, 51
1619607643.776758, 52
1619607643.790691, 51
1619607643.804955, 51
1619607643.818789, 51
1619607643.833072, 52
1619607643.847660, 52
1619607643.861651, 52
1619607643.875568, 52
1619607643.889029, 51
1619607643.902932, 52
1619607643.916375, 53
1619607643.929419, 54
1619607643.943579, 53
1619607643.957012, 53
1619607643.971788, 53
1619607643.985577, 54
1619607644.000045, 53
1619607644.013321, 51
1619607644.026832, 52
1619607644.040811, 52
1619607644.055354, 52
1619607644.070152, 52
1619607644.084922, 52
1619607644.098349, 53
1619607644.112505, 53
1619607644.126463, 54
1619607644.140483, 54
1619607644.154513, 53
1619607644.167696, 52
1619607644.180828, 53
1619607644.194123, 54
1619607644.207637, 55
1619607644.221069, 55
1619607644.234317, 55
1619607644.247686, 55
1619607644.261099, 55
1619607644.274174, 54
1619607644.287944, 53
1619607644.301996, 53
1619607644.315944, 54
1619607644.328924, 54
1619607644.342930, 54
1619607644.356424, 54
1619607644.369933, 54
1619607644.383355, 54
1619607644.396168, 55
1619607644.408796, 56
1619607644.422467, 54
1619607644.435504, 53
1619607644.449092, 54
1619607644.463599, 55
1619607644.477325, 56
1619607644.491699, 54
1619607644.505535, 55
1619607644.519538, 55
1619607644.533521, 55
1619607644.547523, 55
1619607644.561627, 54
1619607644.576063, 54
1619607644.590366, 54
1619607644.604309, 54
1619607644.618344, 55
1619607644.632436, 53
1619607644.646150, 54
1619607644.660352, 53
1619607644.673545, 54
1619607644.687553, 54
1619607644.701463, 53
1619607644.716489, 53
1619607644.730615, 53
1619607644.744100, 51
1619607644.757841, 53
1619607644.770731, 52
1619607644.783549, 52
1619607644.796255, 53
1619607644.810653, 53
1619607644.823794, 52
1619607644.838287, 53
1619607644.851621, 52
1619607644.864562, 53
1619607644.879521, 53
1619607644.893368, 53
1619607644.907149, 55
1619607644.920878, 55
1619607644.935080, 54
1619607644.949076, 53
1619607644.963763, 55
1619607644.977616, 55
1619607644.991577, 53
1619607645.006579, 53
1619607645.020689, 54
1619607645.034590, 53
1619607645.047846, 52
1619607645.063501, 53
1619607645.077264, 54
1619607645.090850, 52
1619607645.105359, 55
1619607645.119060, 54
1619607645.132368, 54
1619607645.145819, 54
1619607645.160386, 55
1619607645.173620, 54
1619607645.187327, 55
1619607645.201583, 55
1619607645.215599, 54
1619607645.228901, 54
1619607645.242450, 54
1619607645.256129, 54
1619607645.270312, 53
1619607645.283628, 54
1619607645.296570, 54
1619607645.310574, 54
1619607645.324820, 54
1619607645.338323, 54
1619607645.352291, 57
1619607645.366278, 55
1619607645.380311, 56
1619607645.393955, 55
1619607645.408265, 57
1619607645.422245, 56
1619607645.436732, 56
1619607645.450221, 55
1619607645.463790, 56
1619607645.477727, 54
1619607645.491557, 55
1619607645.504583, 54
1619607645.518051, 54
1619607645.531565, 53
1619607645.545140, 55
1619607645.559073, 54
1619607645.572120, 55
1619607645.585581, 54
1619607645.599127, 56
1619607645.612721, 57
1619607645.626728, 57
1619607645.640232, 57
1619607645.653760, 57
1619607645.666892, 56
1619607645.679735, 57
1619607645.693567, 57
1619607645.706850, 57
1619607645.720818, 57
1619607645.735631, 55
1619607645.749222, 55
1619607645.763106, 55
1619607645.776792, 56
1619607645.790821, 55
1619607645.805534, 56
1619607645.819328, 56
1619607645.832409, 56
1619607645.845915, 55
1619607645.859449, 56
1619607645.873603, 56
1619607645.887747, 58
1619607645.901834, 57
1619607645.915880, 57
1619607645.929933, 58
1619607645.944165, 57
1619607645.958422, 58
1619607645.972406, 57
1619607645.985963, 56
1619607645.999538, 56
1619607646.013438, 56
1619607646.027573, 57
1619607646.041359, 56
1619607646.054113, 57
1619607646.068273, 58
1619607646.081833, 57
1619607646.094461, 57
1619607646.107611, 59
1619607646.121898, 59
1619607646.135900, 58
1619607646.149537, 57
1619607646.162976, 58
1619607646.177512, 57
1619607646.190878, 58
1619607646.205026, 59
1619607646.218587, 58
1619607646.232637, 59
1619607646.246176, 57
1619607646.259793, 58
1619607646.273286, 57
1619607646.287011, 58
1619607646.300566, 57
1619607646.313576, 57
1619607646.327189, 57
1619607646.340598, 57
1619607646.353448, 57
1619607646.367132, 58
1619607646.380611, 59
1619607646.393601, 59
1619607646.407794, 59
1619607646.422349, 59
1619607646.435762, 60
1619607646.449289, 59
1619607646.462280, 59
1619607646.475817, 60
1619607646.489811, 60
1619607646.503665, 58
1619607646.517034, 58
1619607646.531127, 59
1619607646.545186, 60
1619607646.558894, 60
1619607646.571950, 59
1619607646.585492, 59
1619607646.598622, 58
1619607646.611773, 59
1619607646.624527, 59
1619607646.637592, 59
1619607646.651270, 59
1619607646.664693, 59
1619607646.678682, 59
1619607646.692257, 59
1619607646.705792, 60
1619607646.720382, 60
1619607646.733915, 60
1619607646.748482, 60
1619607646.762255, 60
1619607646.775863, 59
1619607646.789774, 59
1619607646.803593, 59
1619607646.817767, 60
1619607646.831334, 60
1619607646.845306, 59
1619607646.859288, 58
1619607646.872316, 60
1619607646.885836, 60
1619607646.899812, 61
1619607646.913301, 60
1619607646.926954, 60
1619607646.940938, 61
1619607646.955304, 60
1619607646.969046, 60
1619607646.982569, 60
1619607646.996407, 62
1619607647.009448, 61
1619607647.022913, 61
1619607647.036389, 61
1619607647.049627, 61
1619607647.063002, 60
1619607647.076488, 60
1619607647.091022, 60
1619607647.105110, 60
1619607647.118813, 60
1619607647.133302, 61
1619607647.146855, 62
1619607647.160812, 61
1619607647.175413, 61
1619607647.189443, 62
1619607647.203205, 62
1619607647.217290, 61
1619607647.231720, 62
1619607647.244845, 61
1619607647.259226, 61
1619607647.273199, 61
1619607647.287801, 60
1619607647.301159, 61
1619607647.314686, 62
1619607647.327879, 60
1619607647.341656, 61
1619607647.355134, 62
1619607647.369178, 61
1619607647.383001, 60
1619607647.398069, 62
1619607647.412053, 63
1619607647.426093, 62
1619607647.439934, 62
1619607647.453980, 62
1619607647.468528, 63
1619607647.483218, 63
1619607647.496664, 62
1619607647.510627, 64
1619607647.525371, 64
1619607647.539712, 62
1619607647.553497, 62
1619607647.566733, 61
1619607647.580794, 62
1619607647.595191, 63
1619607647.608610, 62
1619607647.622155, 61
1619607647.635726, 62
1619607647.650177, 62
1619607647.664162, 63
1619607647.677623, 62
1619607647.691225, 63
1619607647.704696, 62
1619607647.718161, 62
1619607647.732149, 62
1619607647.745690, 63
1619607647.759812, 64
1619607647.773260, 64
1619607647.787176, 63
1619607647.801684, 64
1619607647.815741, 62
1619607647.830032, 62
1619607647.843776, 63
1619607647.857244, 63
1619607647.869999, 63
1619607647.883587, 62
1619607647.897569, 61
1619607647.912051, 63
1619607647.925339, 62
1619607647.938437, 64
1619607647.951683, 63
1619607647.965293, 63
1619607647.978113, 63
1619607647.992447, 65
1619607648.005938, 64
1619607648.019549, 63
1619607648.033343, 64
1619607648.047334, 64
1619607648.061614, 65
1619607648.075697, 65
1619607648.089645, 63
1619607648.103264, 64
1619607648.117471, 64
1619607648.132030, 63
1619607648.145992, 64
1619607648.159724, 63
1619607648.173068, 63
1619607648.186603, 63
1619607648.200062, 64
1619607648.213389, 65
1619607648.227011, 65
1619607648.240978, 64
1619607648.254481, 65
1619607648.267387, 64
1619607648.280505, 65
1619607648.293498, 64
1619607648.306933, 66
1619607648.320960, 65
1619607648.334484, 65
1619607648.348395, 66
1619607648.361869, 64
1619607648.375560, 63
1619607648.389745, 64
1619607648.403868, 64
1619607648.417363, 63
1619607648.430863, 64
1619607648.445052, 64
1619607648.459116, 65
1619607648.473019, 65
1619607648.486941, 66
1619607648.501399, 65
1619607648.515433, 65
1619607648.528912, 64
1619607648.542509, 65
1619607648.556611, 65
1619607648.571334, 66
1619607648.585060, 65
1619607648.598878, 66
1619607648.613376, 66
1619607648.626948, 64
1619607648.640405, 64
1619607648.654442, 65
1619607648.668430, 65
1619607648.682887, 65
1619607648.696876, 64
1619607648.710890, 65
1619607648.724967, 65
1619607648.738446, 65
1619607648.751465, 66
1619607648.765689, 66
1619607648.779565, 67
1619607648.793754, 66
1619607648.807515, 67
1619607648.821364, 67
1619607648.835435, 66
1619607648.849349, 66
1619607648.863666, 67
1619607648.877074, 67
1619607648.891217, 68
1619607648.904911, 66
1619607648.919375, 65
1619607648.935010, 65
1619607648.948357, 66
1619607648.961916, 66
1619607648.975204, 65
1619607648.988904, 66
1619607649.002410, 67
1619607649.016932, 66
1619607649.030945, 68
1619607649.047501, 66
1619607649.060480, 67
1619607649.073443, 68
1619607649.087588, 68
1619607649.101485, 66
1619607649.115548, 67
1619607649.129470, 67
1619607649.142508, 68
1619607649.155962, 67
1619607649.168963, 68
1619607649.183049, 67
1619607649.196495, 66
1619607649.209487, 66
1619607649.223056, 66
1619607649.237972, 66
1619607649.251431, 67
1619607649.264701, 66
1619607649.278696, 66
1619607649.292192, 67
1619607649.305026, 67
1619607649.318880, 67
1619607649.332078, 68
1619607649.345094, 67
1619607649.359019, 69
1619607649.373567, 69
1619607649.388345, 68
1619607649.401384, 68
1619607649.415456, 68
1619607649.429417, 69
1619607649.442931, 69
1619607649.457862, 68
1619607649.471987, 68
1619607649.485568, 67
1619607649.499654, 67
1619607649.513846, 68
1619607649.527193, 67
1619607649.541256, 68
1619607649.554771, 67
1619607649.567798, 68
1619607649.581211, 69
1619607649.594824, 68
1619607649.607811, 69
1619607649.621280, 68
1619607649.634794, 69
1619607649.647802, 68
1619607649.660333, 69
1619607649.673861, 69
1619607649.687034, 70
1619607649.700039, 70
1619607649.713506, 69
1619607649.726530, 69
1619607649.740373, 68
1619607649.755472, 69
1619607649.769892, 68
1619607649.783939, 68
1619607649.797401, 68
1619607649.811387, 69
1619607649.824919, 69
1619607649.838648, 68
1619607649.853219, 69
1619607649.867412, 69
1619607649.881256, 69
1619607649.894807, 70
1619607649.908309, 70
1619607649.921809, 69
1619607649.935465, 70
1619607649.949304, 70
1619607649.962961, 69
1619607649.976961, 70
1619607649.990955, 70
1619607650.004444, 70
1619607650.017929, 68
1619607650.031927, 68
1619607650.045940, 70
1619607650.058998, 70
1619607650.073684, 70
1619607650.087146, 69
1619607650.100528, 69
1619607650.114346, 69
1619607650.128487, 69
1619607650.142552, 71
1619607650.156951, 69
1619607650.170521, 71
1619607650.184019, 70
1619607650.197468, 70
1619607650.211002, 70
1619607650.224676, 71
1619607650.237668, 71
1619607650.251394, 71
1619607650.265375, 71
1619607650.278742, 70
1619607650.292216, 71
1619607650.305724, 69
1619607650.319819, 70
1619607650.333724, 70
1619607650.347325, 70
1619607650.360674, 69
1619607650.373694, 71
1619607650.387053, 69
1619607650.401442, 70
1619607650.415500, 71
1619607650.429112, 71
1619607650.442654, 72
1619607650.456504, 71
1619607650.469609, 72
1619607650.483717, 71
1619607650.497662, 71
1619607650.511320, 71
1619607650.524387, 71
1619607650.538050, 72
1619607650.552020, 72
1619607650.566080, 72
1619607650.580215, 71
1619607650.594205, 71
1619607650.608164, 70
1619607650.621582, 70
1619607650.634118, 70
1619607650.647003, 71
1619607650.660364, 71
1619607650.673192, 72
1619607650.687134, 72
1619607650.701151, 71
1619607650.715239, 72
1619607650.729626, 73
1619607650.742986, 73
1619607650.757537, 72
1619607650.771476, 74
1619607650.785974, 74
1619607650.800029, 74
1619607650.813511, 73
1619607650.827697, 73
1619607650.842244, 73
1619607650.855825, 73
1619607650.869289, 74
1619607650.882799, 72
1619607650.896703, 70
1619607650.910080, 70
1619607650.924516, 72
1619607650.938350, 72
1619607650.952881, 71
1619607650.967043, 73
1619607650.981528, 72
1619607650.995224, 71
1619607651.008522, 72
1619607651.022901, 73
1619607651.037467, 73
1619607651.051624, 72
1619607651.065006, 73
1619607651.078519, 74
1619607651.093468, 73
1619607651.108289, 72
1619607651.122448, 72
1619607651.136502, 74
1619607651.150224, 73
1619607651.163784, 74
1619607651.177449, 72
1619607651.191054, 72
1619607651.204943, 73
1619607651.219361, 72
1619607651.233370, 73
1619607651.246941, 72
1619607651.261248, 73
1619607651.274951, 72
1619607651.289721, 74
1619607651.304337, 73
1619607651.319659, 74
1619607651.334279, 73
1619607651.348983, 74
1619607651.362984, 74
1619607651.377686, 73
1619607651.392470, 73
1619607651.407170, 74
1619607651.421838, 74
1619607651.435710, 73
1619607651.449526, 74
1619607651.463409, 74
1619607651.477175, 73
1619607651.491044, 73
1619607651.504180, 73
1619607651.517214, 73
1619607651.530861, 73
1619607651.544072, 74
1619607651.557257, 73
1619607651.571176, 73
1619607651.585273, 73
1619607651.599202, 74
1619607651.612911, 75
1619607651.626830, 75
1619607651.641459, 74
1619607651.655281, 75
1619607651.669127, 75
1619607651.682993, 74
1619607651.696835, 74
1619607651.710600, 75
1619607651.724448, 76
1619607651.738005, 75
1619607651.751362, 75
1619607651.765189, 74
1619607651.778686, 75
1619607651.792597, 75
1619607651.807179, 74
1619607651.821036, 75
1619607651.834854, 75
1619607651.848888, 74
1619607651.862583, 74
1619607651.879436, 76
1619607651.893510, 75
1619607651.906545, 75
1619607651.920022, 76
1619607651.934726, 75
1619607651.949123, 75
1619607651.963897, 76
1619607651.978657, 75
1619607651.992639, 75
1619607652.007016, 75
1619607652.020096, 75
1619607652.034681, 75
1619607652.049341, 74
1619607652.063197, 74
1619607652.077872, 74
1619607652.091781, 74
1619607652.106409, 76
1619607652.119976, 75
1619607652.133425, 75
1619607652.148223, 75
1619607652.162521, 76
1619607652.176782, 76
1619607652.190566, 76
1619607652.205186, 76
1619607652.219042, 77
1619607652.232891, 76
1619607652.245922, 75
1619607652.259616, 76
1619607652.272956, 76
1619607652.287275, 76
1619607652.301699, 76
1619607652.316065, 76
1619607652.329504, 76
1619607652.343013, 76
1619607652.357279, 75
1619607652.371603, 75
1619607652.385038, 75
1619607652.398479, 76
1619607652.413808, 75
1619607652.427261, 75
1619607652.440650, 74
1619607652.454203, 75
1619607652.467461, 77
1619607652.481291, 76
1619607652.494328, 77
1619607652.508679, 76
1619607652.522859, 76
1619607652.537240, 76
1619607652.551702, 76
1619607652.566026, 76
1619607652.579611, 77
1619607652.593782, 76
1619607652.607367, 77
1619607652.621563, 76
1619607652.635953, 77
1619607652.649487, 76
1619607652.662767, 76
1619607652.676314, 75
1619607652.689636, 76
1619607652.703053, 76
1619607652.716457, 76
1619607652.729486, 75
1619607652.743784, 77
1619607652.757168, 75
1619607652.770199, 78
1619607652.784526, 77
1619607652.798909, 77
1619607652.812272, 76
1619607652.825708, 77
1619607652.840156, 78
1619607652.854716, 78
1619607652.868849, 76
1619607652.883175, 77
1619607652.897565, 77
1619607652.912167, 76
1619607652.926326, 78
1619607652.939805, 78
1619607652.952698, 76
1619607652.966585, 76
1619607652.980099, 77
1619607652.994371, 77
1619607653.007855, 77
1619607653.022212, 76
1619607653.036559, 76
1619607653.050016, 77
1619607653.065318, 76
1619607653.078785, 78
1619607653.093142, 79
1619607653.106556, 78
1619607653.119900, 78
1619607653.133404, 78
1619607653.147682, 79
1619607653.162042, 79
1619607653.175284, 78
1619607653.188309, 78
1619607653.201520, 78
1619607653.214051, 78
1619607653.228222, 77
1619607653.242539, 78
1619607653.256399, 77
1619607653.270181, 78
1619607653.283931, 78
1619607653.297695, 77
1619607653.310673, 77
1619607653.324448, 78
1619607653.338228, 78
1619607653.351247, 77
1619607653.364455, 77
1619607653.377481, 78
1619607653.390535, 79
1619607653.405082, 79
1619607653.418142, 79
1619607653.431941, 79
1619607653.446179, 79
1619607653.460689, 79
1619607653.474506, 80
1619607653.489003, 80
1619607653.502814, 79
1619607653.516765, 79
1619607653.530578, 80
1619607653.544365, 80
1619607653.558423, 79
1619607653.572103, 77
1619607653.586085, 78
1619607653.599391, 79
1619607653.612269, 78
1619607653.625221, 79
1619607653.638974, 78
1619607653.652821, 78
1619607653.665864, 78
1619607653.679847, 81
1619607653.693480, 80
1619607653.707371, 80
1619607653.721871, 80
1619607653.735669, 80
1619607653.750241, 80
1619607653.764247, 80
1619607653.778841, 80
1619607653.792556, 81
1619607653.807135, 80
1619607653.820861, 80
1619607653.834725, 80
1619607653.849357, 80
1619607653.863160, 80
1619607653.878451, 78
1619607653.892995, 79
1619607653.907212, 80
1619607653.922278, 79
1619607653.936440, 79
1619607653.950990, 79
1619607653.964957, 81
1619607653.978395, 80
1619607653.992084, 81
1619607654.006119, 81
1619607654.020014, 80
1619607654.033829, 80
1619607654.047971, 80
1619607654.061003, 80
1619607654.074814, 81
1619607654.088639, 81
1619607654.103223, 81
1619607654.117733, 82
1619607654.132382, 82
1619607654.146883, 80
1619607654.160737, 80
1619607654.174602, 79
1619607654.188392, 80
1619607654.202971, 81
1619607654.216752, 80
1619607654.230480, 80
1619607654.243783, 81
1619607654.257544, 80
1619607654.271778, 79
1619607654.285408, 80
1619607654.299212, 81
1619607654.313071, 81
1619607654.327737, 81
1619607654.342164, 81
1619607654.356070, 82
1619607654.369814, 81
1619607654.384127, 81
1619607654.398235, 81
1619607654.412311, 81
1619607654.426300, 81
1619607654.440110, 82
1619607654.453931, 81
1619607654.467771, 81
1619607654.480775, 81
1619607654.495515, 81
1619607654.509087, 81
1619607654.522899, 81
1619607654.536609, 80
1619607654.550463, 81
1619607654.564219, 81
1619607654.579052, 80
1619607654.593333, 82
1619607654.606356, 82
1619607654.619247, 82
1619607654.632737, 82
1619607654.645589, 82
1619607654.660149, 83
1619607654.674435, 82
1619607654.689113, 82
1619607654.703398, 82
1619607654.718653, 82
1619607654.731961, 83
1619607654.746507, 82
1619607654.761029, 82
1619607654.774018, 82
1619607654.787821, 81
1619607654.802421, 82
1619607654.816908, 82
1619607654.830875, 82
1619607654.844710, 82
1619607654.858483, 81
1619607654.872998, 81
1619607654.886796, 82
1619607654.901325, 83
1619607654.915094, 81
1619607654.928580, 84
1619607654.942287, 83
1619607654.956080, 83
1619607654.969841, 83
1619607654.983600, 83
1619607654.998222, 84
1619607655.011303, 82
1619607655.024969, 82
1619607655.039004, 83
1619607655.052571, 83
1619607655.066389, 83
1619607655.080208, 82
1619607655.093932, 82
1619607655.107768, 82
1619607655.121528, 82
1619607655.136829, 83
1619607655.150637, 83
1619607655.165193, 82
1619607655.178931, 81
1619607655.192160, 83
1619607655.205835, 83
1619607655.220496, 82
1619607655.234293, 83
1619607655.247634, 83
1619607655.261560, 83
1619607655.275615, 83
1619607655.288877, 84
1619607655.302175, 84
1619607655.315768, 83
1619607655.330287, 83
1619607655.345127, 83
1619607655.359530, 84
1619607655.372803, 85
1619607655.386069, 85
1619607655.399887, 84
1619607655.413381, 84
1619607655.427778, 83
1619607655.441395, 83
1619607655.455218, 83
1619607655.468489, 84
1619607655.482308, 82
1619607655.496540, 82
1619607655.509418, 82
1619607655.523510, 84
1619607655.537453, 83
1619607655.551801, 85
1619607655.565313, 84
1619607655.578896, 84
1619607655.592924, 84
1619607655.606918, 85
1619607655.620819, 84
1619607655.634419, 85
1619607655.648260, 84
1619607655.661993, 84
1619607655.675196, 84
1619607655.688939, 85
1619607655.702696, 84
1619607655.716969, 84
1619607655.730633, 84
1619607655.744399, 83
1619607655.758725, 83
1619607655.773267, 85
1619607655.786924, 84
1619607655.800713, 85
1619607655.814093, 84
1619607655.827535, 84
1619607655.840822, 83
1619607655.853885, 84
1619607655.867247, 86
1619607655.880193, 85
1619607655.894191, 84
1619607655.907784, 85
1619607655.921231, 86
1619607655.935471, 85
1619607655.949313, 85
1619607655.962491, 85
1619607655.976626, 86
1619607655.990416, 86
1619607656.004970, 84
1619607656.018833, 87
1619607656.032794, 87
1619607656.047051, 85
1619607656.061658, 85
1619607656.076233, 85
1619607656.090563, 85
1619607656.104840, 85
1619607656.117811, 84
1619607656.131577, 84
1619607656.145699, 86
1619607656.160679, 85
1619607656.174009, 84
1619607656.188482, 85
1619607656.201899, 86
1619607656.215730, 86
1619607656.230720, 86
1619607656.245187, 85
1619607656.259620, 86
1619607656.272773, 86
1619607656.287170, 86
1619607656.301164, 86
1619607656.315498, 86
1619607656.329707, 86
1619607656.343857, 86
1619607656.358086, 85
1619607656.372611, 86
1619607656.386387, 86
1619607656.399650, 85
1619607656.412795, 85
1619607656.425964, 86
1619607656.439866, 86
1619607656.454117, 85
1619607656.467929, 86
1619607656.482191, 85
1619607656.495567, 85
1619607656.508579, 86
1619607656.522144, 86
1619607656.534891, 87
1619607656.548165, 86
1619607656.562138, 86
1619607656.575813, 85
1619607656.589506, 87
1619607656.603298, 86
1619607656.616862, 86
1619607656.630558, 86
1619607656.645111, 87
1619607656.658875, 88
1619607656.672130, 87
1619607656.685621, 88
1619607656.699346, 88
1619607656.713516, 86
1619607656.727124, 86
1619607656.740462, 86
1619607656.754312, 86
1619607656.767596, 86
1619607656.780905, 86
1619607656.793898, 86
1619607656.806887, 86
1619607656.820280, 86
1619607656.833056, 87
1619607656.846909, 87
1619607656.862191, 86
1619607656.876235, 87
1619607656.890021, 87
1619607656.903913, 87
1619607656.917637, 87
1619607656.932359, 88
1619607656.946680, 87
1619607656.960996, 87
1619607656.974820, 87
1619607656.989457, 87
1619607657.003400, 87
1619607657.018231, 87
1619607657.032160, 86
1619607657.046016, 87
1619607657.059792, 87
1619607657.074065, 88
1619607657.088389, 87
1619607657.102172, 87
1619607657.116443, 88
1619607657.130594, 87
1619607657.144252, 87
1619607657.158311, 88
1619607657.172639, 88
1619607657.186895, 88
1619607657.200659, 88
1619607657.214727, 88
1619607657.228457, 89
1619607657.241846, 88
1619607657.255790, 87
1619607657.270524, 88
1619607657.284926, 87
1619607657.298794, 88
1619607657.313644, 88
1619607657.327440, 88
1619607657.341722, 89
1619607657.355595, 87
1619607657.369363, 88
1619607657.383185, 88
1619607657.397540, 88
1619607657.410849, 87
1619607657.424490, 88
1619607657.437801, 87
1619607657.452410, 87
1619607657.466470, 87
1619607657.479981, 88
1619607657.493889, 88
1619607657.508677, 88
1619607657.522490, 89
1619607657.535888, 90
1619607657.549150, 89
1619607657.562452, 89
1619607657.575803, 89
1619607657.590418, 89
1619607657.604994, 88
1619607657.618354, 89
1619607657.631764, 90
1619607657.646015, 89
1619607657.659373, 89
1619607657.673072, 90
1619607657.687035, 88
1619607657.700256, 88
1619607657.714078, 89
1619607657.728006, 88
1619607657.742243, 88
1619607657.755199, 88
1619607657.768888, 89
1619607657.782120, 89
1619607657.795698, 89
1619607657.809511, 90
1619607657.823582, 90
1619607657.837449, 89
1619607657.851455, 89
1619607657.865384, 90
1619607657.878703, 89
1619607657.892837, 90
1619607657.905986, 89
1619607657.918746, 89
1619607657.932556, 89
1619607657.946736, 90
1619607657.960490, 90
1619607657.974824, 90
1619607657.989103, 90
1619607658.004119, 90
1619607658.017827, 89
1619607658.031925, 90
1619607658.045272, 89
1619607658.058493, 89
1619607658.071801, 88
1619607658.085943, 90
1619607658.099323, 89
1619607658.113211, 89
1619607658.126788, 88
1619607658.139925, 91
1619607658.153987, 90
1619607658.168280, 90
1619607658.182188, 90
1619607658.195495, 90
1619607658.209099, 91
1619607658.222722, 91
1619607658.235967, 90
1619607658.249405, 91
1619607658.263254, 90
1619607658.277135, 90
1619607658.290448, 91
1619607658.303765, 91
1619607658.317134, 90
1619607658.330969, 91
1619607658.344110, 90
1619607658.357339, 89
1619607658.370146, 89
1619607658.383912, 90
1619607658.397622, 89
1619607658.411903, 89
1619607658.425761, 89
1619607658.440725, 89
1619607658.454533, 90
1619607658.468803, 92
1619607658.482739, 91
1619607658.496486, 92
1619607658.509690, 91
1619607658.523156, 91
1619607658.536397, 91
1619607658.549605, 92
1619607658.564104, 91
1619607658.577993, 92
1619607658.591490, 90
1619607658.605108, 90
1619607658.619759, 91
1619607658.633988, 91
1619607658.648255, 92
1619607658.662004, 92
1619607658.676007, 91
1619607658.690315, 91
1619607658.704066, 91
1619607658.717447, 91
1619607658.730631, 91
1619607658.743813, 90
1619607658.757113, 91
1619607658.770769, 90
1619607658.783831, 91
1619607658.797618, 90
1619607658.811600, 91
1619607658.826516, 92
1619607658.840458, 92
1619607658.854859, 91
1619607658.868722, 92
1619607658.881968, 93
1619607658.895969, 92
1619607658.909591, 92
1619607658.923585, 92
1619607658.937351, 93
1619607658.951679, 92
1619607658.965425, 93
1619607658.979206, 92
1619607658.992955, 92
1619607659.006647, 93
1619607659.020931, 91
1619607659.035399, 91
1619607659.049757, 90
1619607659.063850, 91
1619607659.077458, 91
1619607659.091239, 91
1619607659.104457, 91
1619607659.117839, 91
1619607659.131094, 92
1619607659.145950, 93
1619607659.159978, 92
1619607659.173621, 93
1619607659.187527, 92
1619607659.200738, 93
1619607659.214496, 92
1619607659.228425, 93
1619607659.242184, 93
1619607659.255891, 92
1619607659.269607, 93
1619607659.283509, 92
1619607659.297767, 92
1619607659.311980, 92
1619607659.326146, 93
1619607659.339964, 92
1619607659.353747, 93
1619607659.366969, 91
1619607659.381187, 92
1619607659.394418, 93
1619607659.407931, 92
1619607659.420886, 92
1619607659.434151, 92
1619607659.447067, 92
1619607659.460856, 93
1619607659.474569, 93
1619607659.488712, 93
1619607659.503121, 94
1619607659.516836, 93
1619607659.530458, 93
1619607659.544222, 92
1619607659.557501, 94
1619607659.571700, 94
1619607659.584861, 93
1619607659.598124, 94
1619607659.611523, 93
1619607659.625541, 93
1619607659.638749, 94
1619607659.652481, 94
1619607659.665292, 93
1619607659.678628, 94
1619607659.692021, 94
1619607659.705174, 93
1619607659.719436, 92
1619607659.733650, 92
1619607659.747007, 92
1619607659.760766, 93
1619607659.775421, 92
1619607659.789255, 92
1619607659.803025, 94
1619607659.817862, 94
1619607659.831496, 95
1619607659.845777, 95
1619607659.859949, 94
1619607659.873523, 94
1619607659.886886, 94
1619607659.900132, 94
1619607659.914393, 95
1619607659.927742, 94
1619607659.942759, 95
1619607659.957334, 94
1619607659.970534, 94
1619607659.984727, 94
1619607659.999102, 95
1619607660.015073, 94
1619607660.028817, 94
1619607660.043196, 94
1619607660.056983, 94
1619607660.071370, 93
1619607660.084638, 93
1619607660.097933, 93
1619607660.112622, 94
1619607660.125826, 93
1619607660.139764, 94
1619607660.153380, 94
1619607660.167856, 94
1619607660.181947, 95
1619607660.195657, 95
1619607660.209904, 95
1619607660.225313, 94
1619607660.239544, 96
1619607660.253777, 95
1619607660.268876, 94
1619607660.283413, 94
1619607660.298316, 95
1619607660.312107, 95
1619607660.326507, 95
1619607660.341078, 95
1619607660.354997, 96
1619607660.369304, 95
1619607660.383155, 95
1619607660.397397, 95
1619607660.410862, 95
1619607660.426387, 95
1619607660.441367, 95
1619607660.455877, 95
1619607660.469955, 93
1619607660.483919, 94
1619607660.497562, 95
1619607660.511390, 95
1619607660.525745, 96
1619607660.539922, 95
1619607660.553963, 96
1619607660.568771, 96
1619607660.583112, 96
1619607660.598802, 96
1619607660.613053, 95
1619607660.626667, 95
1619607660.641031, 95
1619607660.655089, 95
1619607660.669502, 96
1619607660.683466, 95
1619607660.696655, 96
1619607660.710192, 96
1619607660.724422, 95
1619607660.737746, 95
1619607660.751572, 94
1619607660.765386, 95
1619607660.779741, 95
1619607660.793487, 95
1619607660.807915, 95
1619607660.821657, 95
1619607660.835367, 96
1619607660.849429, 96
1619607660.863769, 97
1619607660.877661, 96
1619607660.891292, 97
1619607660.903962, 96
1619607660.917360, 96
1619607660.931471, 97
1619607660.944772, 96
1619607660.958858, 96
1619607660.973001, 96
1619607660.986999, 97
1619607661.000776, 96
1619607661.013990, 96
1619607661.028842, 96
1619607661.042808, 97
1619607661.057631, 98
1619607661.071799, 96
1619607661.085339, 95
1619607661.099250, 95
1619607661.112909, 97
1619607661.126405, 96
1619607661.140823, 95
1619607661.154900, 95
1619607661.169359, 95
1619607661.183638, 96
1619607661.196948, 97
1619607661.211919, 97
1619607661.225268, 97
1619607661.239244, 97
1619607661.253359, 96
1619607661.267165, 98
1619607661.281020, 97
1619607661.295806, 96
1619607661.310362, 97
1619607661.324286, 97
1619607661.338585, 97
1619607661.352412, 97
1619607661.367207, 97
1619607661.381433, 97
1619607661.395300, 97
1619607661.409136, 97
1619607661.422830, 96
1619607661.435629, 96
1619607661.450092, 96
1619607661.463542, 96
1619607661.477041, 97
1619607661.490953, 96
1619607661.505181, 97
1619607661.519495, 96
1619607661.533625, 97
1619607661.547517, 99
1619607661.561223, 98
1619607661.575195, 97
1619607661.588498, 97
1619607661.601762, 99
1619607661.614890, 98
1619607661.627962, 97
1619607661.641233, 97
1619607661.654624, 98
1619607661.668071, 98
1619607661.681779, 97
1619607661.696160, 97
1619607661.710588, 98
1619607661.724979, 98
1619607661.738787, 97
1619607661.752972, 97
1619607661.767528, 98
1619607661.781325, 97
1619607661.794728, 97
1619607661.808551, 97
1619607661.821798, 98
1619607661.835834, 98
1619607661.850131, 97
1619607661.864874, 97
1619607661.879139, 98
1619607661.892591, 99
1619607661.906910, 98
1619607661.920740, 98
1619607661.934812, 97
1619607661.948878, 99
1619607661.962075, 98
1619607661.975340, 98
1619607661.989219, 98
1619607662.002458, 99
1619607662.016195, 99
1619607662.029924, 98
1619607662.043334, 98
1619607662.056318, 99
1619607662.069373, 98
1619607662.083241, 99
1619607662.097537, 99
1619607662.111759, 97
1619607662.125117, 98
1619607662.138976, 97
1619607662.152689, 97
1619607662.167284, 97
1619607662.181993, 97
1619607662.195721, 97
1619607662.210037, 97
1619607662.224455, 98
1619607662.238145, 97
1619607662.251903, 98
1619607662.265594, 100
1619607662.279830, 99
1619607662.293551, 100
1619607662.307449, 100
1619607662.321633, 99
1619607662.335564, 99
1619607662.348663, 99
1619607662.363001, 99
1619607662.377753, 99
1619607662.392662, 99
1619607662.407112, 99
1619607662.421302, 100
1619607662.435856, 99
1619607662.450714, 99
1619607662.465015, 98
1619607662.478833, 99
1619607662.492558, 98
1619607662.506386, 99
1619607662.520240, 99
1619607662.534546, 99
1619607662.548872, 99
1619607662.562494, 99
1619607662.576800, 100
1619607662.589494, 98
1619607662.603862, 99
1619607662.617024, 98
1619607662.630342, 99
1619607662.645200, 99
1619607662.659522, 98
1619607662.672878, 98
1619607662.686830, 100
1619607662.700626, 99
1619607662.714227, 99
1619607662.728565, 99
1619607662.742345, 99
1619607662.756192, 99
1619607662.769439, 100
1619607662.782687, 99
1619607662.796952, 99
1619607662.811094, 99
1619607662.825421, 97
1619607662.839213, 97
1619607662.852951, 97
1619607662.866208, 96
1619607662.879388, 96
1619607662.892670, 97
1619607662.907045, 97
1619607662.920277, 96
1619607662.933517, 95
1619607662.947595, 96
1619607662.961310, 96
1619607662.975834, 96
1619607662.990103, 96
1619607663.004400, 97
1619607663.018108, 97
1619607663.032411, 97
1619607663.045679, 96
1619607663.058968, 95
1619607663.073145, 91
1619607663.087018, 89
1619607663.100856, 88
1619607663.114667, 84
1619607663.129004, 77
1619607663.142521, 74
1619607663.156222, 70
1619607663.170405, 66
1619607663.184698, 65
1619607663.198544, 64
1619607663.212283, 58
1619607663.225589, 54
1619607663.238853, 56
1619607663.252625, 54
1619607663.266374, 52
1619607663.280092, 50
1619607663.293595, 48
1619607663.306588, 46
1619607663.320362, 47
1619607663.333554, 48
1619607663.346860, 47
1619607663.360675, 46
1619607663.373346, 46
1619607663.386588, 48
1619607663.399278, 47
1619607663.413388, 46
1619607663.426402, 47
1619607663.440298, 47
1619607663.453531, 47
1619607663.467220, 48
1619607663.481484, 48
1619607663.495799, 48
1619607663.509634, 47
1619607663.522880, 48
1619607663.535970, 48
1619607663.549442, 47
1619607663.562762, 47
1619607663.575964, 48
1619607663.589305, 48
1619607663.604058, 48
1619607663.619443, 48
1619607663.633278, 48
1619607663.647041, 47
1619607663.660609, 49
1619607663.674922, 49
1619607663.689241, 48
1619607663.703727, 49
1619607663.717402, 49
1619607663.731480, 49
1619607663.744548, 49
1619607663.757233, 49
1619607663.771133, 49
1619607663.784222, 49
1619607663.797568, 50
1619607663.810935, 50
1619607663.823858, 48
1619607663.837098, 50
1619607663.850902, 49
1619607663.864382, 48
1619607663.877964, 48
1619607663.893419, 50
1619607663.907609, 49
1619607663.921349, 48
1619607663.934600, 49
1619607663.948383, 50
1619607663.962729, 49
1619607663.976405, 51
1619607663.990334, 50
1619607664.003678, 51
1619607664.017323, 51
1619607664.031589, 50
1619607664.045985, 49
1619607664.059904, 50
1619607664.074896, 50
1619607664.089147, 49
1619607664.103564, 50
1619607664.117831, 50
1619607664.131049, 49
1619607664.144036, 49
1619607664.156996, 49
1619607664.170362, 50
1619607664.184865, 51
1619607664.198928, 51
1619607664.213137, 50
1619607664.227438, 50
1619607664.241144, 51
1619607664.255759, 52
1619607664.269532, 51
1619607664.284842, 50
1619607664.298693, 50
1619607664.312430, 49
1619607664.326116, 51
1619607664.339631, 50
1619607664.353188, 50
1619607664.367209, 50
1619607664.380613, 52
1619607664.395142, 50
1619607664.410141, 51
1619607664.423743, 52
1619607664.437229, 53
1619607664.451211, 52
1619607664.464688, 52
1619607664.477761, 51
1619607664.491767, 52
1619607664.505234, 52
1619607664.518861, 53
1619607664.532840, 52
1619607664.547478, 52
1619607664.560843, 51
1619607664.574128, 51
1619607664.588111, 51
1619607664.602637, 52
1619607664.616678, 51
1619607664.630740, 51
1619607664.643748, 51
1619607664.656741, 54
1619607664.669790, 53
1619607664.683550, 52
1619607664.697406, 53
1619607664.711389, 54
1619607664.725409, 53
1619607664.739770, 52
1619607664.753693, 54
1619607664.768204, 53
1619607664.781200, 52
1619607664.795427, 52
1619607664.808785, 53
1619607664.822384, 52
1619607664.835499, 52
1619607664.848293, 52
1619607664.861652, 52
1619607664.875709, 52
1619607664.889450, 54
1619607664.903584, 53
1619607664.917678, 54
1619607664.930677, 55
1619607664.945232, 53
1619607664.959678, 54
1619607664.972767, 55
1619607664.986966, 54
1619607665.000759, 54
1619607665.014632, 52
1619607665.029099, 54
1619607665.042576, 53
1619607665.056297, 53
1619607665.070133, 54
1619607665.084171, 53
1619607665.098270, 53
1619607665.112572, 54
1619607665.127664, 53
1619607665.141094, 55
1619607665.155101, 55
1619607665.170023, 54
1619607665.182518, 55
1619607665.196589, 55
1619607665.210460, 55
1619607665.224983, 55
1619607665.239077, 55
1619607665.254263, 56
1619607665.267720, 54
1619607665.282204, 53
1619607665.296259, 54
1619607665.309518, 55
1619607665.324280, 54
1619607665.337333, 55
1619607665.351456, 55
1619607665.364791, 55
1619607665.378803, 55
1619607665.391800, 56
1619607665.405258, 56
1619607665.418827, 56
1619607665.432798, 56
1619607665.446251, 54
1619607665.459240, 56
1619607665.472228, 56
1619607665.485569, 55
1619607665.498263, 56
1619607665.511842, 55
1619607665.525206, 56
1619607665.538080, 54
1619607665.551687, 54
1619607665.565166, 55
1619607665.579400, 55
1619607665.593333, 54
1619607665.607002, 55
1619607665.620845, 56
1619607665.634855, 56
1619607665.648546, 57
1619607665.661591, 57
1619607665.674664, 57
1619607665.687492, 56
1619607665.701305, 56
1619607665.715403, 57
1619607665.729032, 56
1619607665.743175, 56
1619607665.757147, 56
1619607665.770450, 56
1619607665.786276, 55
1619607665.800163, 55
1619607665.813933, 55
1619607665.827709, 57
1619607665.841570, 56
1619607665.856128, 56
1619607665.870520, 56
1619607665.884292, 57
1619607665.897361, 57
1619607665.911850, 57
1619607665.925554, 57
1619607665.939617, 58
1619607665.954135, 57
1619607665.968396, 57
1619607665.982412, 58
1619607665.997431, 57
1619607666.011059, 57
1619607666.024539, 56
1619607666.038543, 57
1619607666.051990, 57
1619607666.065525, 56
1619607666.079046, 56
1619607666.092568, 57
1619607666.106063, 57
1619607666.119871, 57
1619607666.133008, 57
1619607666.146063, 57
1619607666.159585, 58
1619607666.174522, 58
1619607666.188583, 58
1619607666.203628, 58
1619607666.217514, 58
1619607666.230305, 58
1619607666.243061, 58
1619607666.257741, 59
1619607666.271362, 57
1619607666.284888, 59
1619607666.298137, 58
1619607666.312168, 57
1619607666.326094, 58
1619607666.341539, 57
1619607666.355134, 57
1619607666.370563, 57
1619607666.384561, 57
1619607666.398175, 59
1619607666.411183, 58
1619607666.424733, 58
1619607666.438194, 58
1619607666.451275, 58
1619607666.464371, 60
1619607666.477438, 59
1619607666.491602, 59
1619607666.504638, 60
1619607666.518093, 58
1619607666.531152, 58
1619607666.544198, 59
1619607666.557333, 58
1619607666.571323, 59
1619607666.584367, 58
1619607666.597767, 58
1619607666.612274, 58
1619607666.625843, 58
1619607666.640383, 59
1619607666.654337, 60
1619607666.668794, 60
1619607666.682316, 61
1619607666.696780, 60
1619607666.710814, 60
1619607666.724770, 59
1619607666.738825, 60
1619607666.752247, 61
1619607666.765476, 60
1619607666.778358, 61
1619607666.791809, 59
1619607666.806360, 58
1619607666.821312, 59
1619607666.834810, 58
1619607666.848800, 59
1619607666.862269, 59
1619607666.875855, 59
1619607666.890350, 59
1619607666.904295, 59
1619607666.917370, 61
1619607666.931532, 60
1619607666.945349, 60
1619607666.958955, 60
1619607666.972910, 61
1619607666.986482, 61
1619607667.000018, 60
1619607667.013378, 60
1619607667.026940, 62
1619607667.039959, 61
1619607667.053513, 61
1619607667.066746, 60
1619607667.079921, 61
1619607667.093255, 61
1619607667.106552, 61
1619607667.121283, 61
1619607667.135209, 60
1619607667.149205, 61
1619607667.163302, 61
1619607667.176660, 60
1619607667.190236, 62
1619607667.204210, 62
1619607667.217760, 62
1619607667.231893, 62
1619607667.245723, 61
1619607667.260111, 61
1619607667.274115, 61
1619607667.288120, 61
1619607667.300594, 62
1619607667.313727, 61
1619607667.327183, 61
1619607667.340163, 61
1619607667.353276, 60
1619607667.367143, 60
1619607667.381528, 61
1619607667.395985, 60
1619607667.409824, 61
1619607667.423527, 61
1619607667.437600, 63
1619607667.451534, 62
1619607667.465529, 62
1619607667.479575, 63
1619607667.493225, 62
1619607667.506980, 62
1619607667.520495, 63
1619607667.533485, 62
1619607667.547680, 62
1619607667.561491, 62
1619607667.575537, 62
1619607667.588589, 62
1619607667.602581, 61
1619607667.615930, 61
1619607667.628925, 62
1619607667.642070, 62
1619607667.655459, 62
1619607667.668167, 62
1619607667.681637, 62
1619607667.695637, 62
1619607667.708649, 63
1619607667.722660, 63
1619607667.736131, 64
1619607667.749156, 63
1619607667.762664, 64
1619607667.776121, 63
1619607667.790318, 63
1619607667.803831, 63
1619607667.816936, 62
1619607667.830485, 64
1619607667.844055, 63
1619607667.856757, 63
1619607667.870052, 62
1619607667.883228, 62
1619607667.896809, 62
1619607667.910818, 63
1619607667.925195, 63
1619607667.939799, 62
1619607667.954177, 63
1619607667.967055, 63
1619607667.982184, 64
1619607667.996474, 64
1619607668.010000, 65
1619607668.023659, 64
1619607668.037071, 64
1619607668.050144, 64
1619607668.064627, 65
1619607668.078805, 65
1619607668.093143, 64
1619607668.106485, 64
1619607668.120963, 64
1619607668.135051, 64
1619607668.149695, 64
1619607668.163751, 64
1619607668.177755, 63
1619607668.191786, 64
1619607668.207259, 63
1619607668.220727, 64
1619607668.233777, 65
1619607668.247689, 65
1619607668.261476, 66
1619607668.275706, 65
1619607668.289794, 64
1619607668.304652, 66
1619607668.318727, 65
1619607668.333726, 66
1619607668.347785, 65
1619607668.361426, 66
1619607668.375432, 66
1619607668.389522, 63
1619607668.403571, 63
1619607668.417424, 64
1619607668.431457, 65
1619607668.445772, 64
1619607668.460358, 64
1619607668.473902, 65
1619607668.488191, 64
1619607668.502095, 65
1619607668.516587, 66
1619607668.531638, 66
1619607668.544577, 66
1619607668.559090, 66
1619607668.573514, 65
1619607668.587092, 65
1619607668.601412, 65
1619607668.614864, 65
1619607668.628847, 65
1619607668.642345, 66
1619607668.656141, 64
1619607668.669664, 65
1619607668.684652, 65
1619607668.698115, 65
1619607668.712145, 66
1619607668.726159, 65
1619607668.739689, 65
1619607668.753688, 64
1619607668.768143, 66
1619607668.782226, 66
1619607668.796136, 66
1619607668.810098, 65
1619607668.823835, 67
1619607668.837039, 66
1619607668.851040, 66
1619607668.865485, 67
1619607668.879881, 66
1619607668.894050, 67
1619607668.908629, 66
1619607668.922624, 67
1619607668.936312, 66
1619607668.949270, 66
1619607668.962256, 66
1619607668.975400, 66
1619607668.989220, 66
1619607669.003074, 66
1619607669.017078, 66
1619607669.031107, 66
1619607669.045188, 66
1619607669.059247, 68
1619607669.072247, 67
1619607669.085714, 67
1619607669.099935, 67
1619607669.114021, 67
1619607669.128060, 67
1619607669.142579, 67
1619607669.156758, 67
1619607669.169802, 67
1619607669.184004, 67
1619607669.198379, 67
1619607669.212434, 67
1619607669.226384, 66
1619607669.240871, 67
1619607669.254148, 66
1619607669.267550, 68
1619607669.280925, 68
1619607669.295036, 67
1619607669.308940, 67
1619607669.322980, 67
1619607669.336599, 69
1619607669.349644, 68
1619607669.364669, 68
1619607669.377650, 68
1619607669.391700, 67
1619607669.406607, 68
1619607669.420698, 68
1619607669.434128, 68
1619607669.448615, 69
1619607669.462615, 69
1619607669.476476, 68
1619607669.490351, 67
1619607669.504154, 67
1619607669.517736, 68
1619607669.531417, 68
1619607669.545785, 67
1619607669.559287, 67
1619607669.573876, 68
1619607669.587487, 68
1619607669.601029, 67
1619607669.614055, 68
1619607669.627481, 68
1619607669.641333, 69
1619607669.654634, 68
1619607669.668587, 68
1619607669.682160, 68
1619607669.695599, 68
1619607669.708543, 69
1619607669.722607, 69
1619607669.735605, 69
1619607669.749192, 70
1619607669.762495, 70
1619607669.776036, 68
1619607669.790009, 68
1619607669.803072, 69
1619607669.816528, 68
1619607669.829562, 69
1619607669.842535, 68
1619607669.855244, 69
1619607669.868137, 68
1619607669.881357, 68
1619607669.895706, 70
1619607669.908703, 69
1619607669.923004, 69
1619607669.936671, 70
1619607669.951579, 69
1619607669.964805, 69
1619607669.978378, 69
1619607669.992059, 70
1619607670.005593, 70
1619607670.019096, 69
1619607670.033094, 70
1619607670.047315, 71
1619607670.061338, 69
1619607670.075842, 70
1619607670.090632, 69
1619607670.104654, 69
1619607670.118290, 69
1619607670.132202, 69
1619607670.146761, 70
1619607670.161252, 69
1619607670.175251, 69
1619607670.189253, 70
1619607670.203228, 70
1619607670.217211, 69
1619607670.230792, 71
1619607670.244757, 71
1619607670.258462, 71
1619607670.272495, 72
1619607670.286075, 71
1619607670.300612, 71
1619607670.314897, 71
1619607670.328416, 72
1619607670.342396, 69
1619607670.356235, 69
1619607670.369636, 69
1619607670.384286, 71
1619607670.397878, 70
1619607670.411786, 70
1619607670.425213, 70
1619607670.438512, 71
1619607670.453021, 71
1619607670.467014, 71
1619607670.480981, 71
1619607670.494001, 71
1619607670.508493, 72
1619607670.522416, 71
1619607670.535564, 72
1619607670.548974, 72
1619607670.562632, 72
1619607670.575261, 72
1619607670.589185, 71
1619607670.602721, 72
1619607670.616737, 72
1619607670.630145, 71
1619607670.644420, 71
1619607670.657842, 71
1619607670.671511, 71
1619607670.685422, 71
1619607670.699848, 70
1619607670.712987, 71
1619607670.726564, 70
1619607670.740461, 71
1619607670.754092, 72
1619607670.768620, 71
1619607670.782544, 72
1619607670.796398, 73
1619607670.809991, 73
1619607670.823995, 72
1619607670.837480, 71
1619607670.851566, 72
1619607670.865511, 73
1619607670.879013, 72
1619607670.892682, 73
1619607670.905960, 72
1619607670.919324, 72
1619607670.932716, 71
1619607670.946014, 70
1619607670.959646, 70
1619607670.973475, 72
1619607670.986800, 72
1619607671.000818, 71
1619607671.013735, 72
1619607671.026785, 73
1619607671.040102, 73
1619607671.053623, 73
1619607671.067557, 71
1619607671.081116, 73
1619607671.094731, 72
1619607671.108058, 72
1619607671.120924, 73
1619607671.134161, 73
1619607671.146677, 74
1619607671.160678, 73
1619607671.174835, 74
1619607671.188792, 73
1619607671.202871, 73
1619607671.215974, 73
1619607671.231527, 73
1619607671.245436, 72
1619607671.258838, 72
1619607671.273469, 73
1619607671.287927, 72
1619607671.302326, 72
1619607671.316393, 73
1619607671.329543, 73
1619607671.343523, 74
1619607671.357454, 75
1619607671.370655, 74
1619607671.385269, 73
1619607671.398310, 74
1619607671.412332, 74
1619607671.425757, 74
1619607671.439515, 73
1619607671.452365, 74
1619607671.466287, 74
1619607671.480469, 74
1619607671.493800, 72
1619607671.507211, 73
1619607671.520227, 74
1619607671.533384, 73
1619607671.546800, 74
1619607671.560583, 73
1619607671.574306, 73
1619607671.588124, 73
1619607671.602074, 73
1619607671.616124, 75
1619607671.629484, 74
1619607671.643258, 74
1619607671.657260, 74
1619607671.671328, 74
1619607671.685416, 74
1619607671.699922, 74
1619607671.713277, 75
1619607671.726827, 76
1619607671.741279, 75
1619607671.754649, 75
1619607671.768135, 75
1619607671.781597, 74
1619607671.795137, 74
1619607671.809132, 74
1619607671.822467, 73
1619607671.836620, 74
1619607671.850682, 75
1619607671.865177, 74
1619607671.879576, 73
1619607671.892916, 73
1619607671.907567, 75
1619607671.922762, 76
1619607671.937257, 76
1619607671.951930, 75
1619607671.965922, 75
1619607671.979530, 75
1619607671.993766, 75
1619607672.007859, 75
1619607672.021792, 74
1619607672.035377, 75
1619607672.049221, 76
1619607672.063296, 75
1619607672.076855, 75
1619607672.090721, 73
1619607672.104683, 74
1619607672.118459, 75
1619607672.132514, 75
1619607672.147052, 74
1619607672.161619, 75
1619607672.175820, 76
1619607672.189735, 75
1619607672.202752, 75
1619607672.216300, 75
1619607672.231133, 76
1619607672.244652, 75
1619607672.258151, 75
1619607672.273425, 76
1619607672.286664, 77
1619607672.300611, 77
1619607672.314550, 77
1619607672.328150, 76
1619607672.341491, 76
1619607672.355804, 77
1619607672.371211, 77
1619607672.384899, 75
1619607672.398480, 76
1619607672.412340, 74
1619607672.426603, 75
1619607672.441589, 75
1619607672.455728, 76
1619607672.469508, 75
1619607672.483089, 75
1619607672.496563, 76
1619607672.510537, 77
1619607672.524584, 76
1619607672.537551, 77
1619607672.551668, 77
1619607672.565087, 77
1619607672.579062, 76
1619607672.592635, 77
1619607672.606071, 77
1619607672.618876, 78
1619607672.632330, 76
1619607672.646349, 76
1619607672.660383, 77
1619607672.674090, 77
1619607672.687417, 76
1619607672.700879, 76
1619607672.713887, 77
1619607672.727969, 77
1619607672.740928, 77
1619607672.754712, 76
1619607672.768410, 77
1619607672.782326, 77
1619607672.795854, 77
1619607672.809451, 77
1619607672.822833, 78
1619607672.836445, 78
1619607672.849473, 78
1619607672.863166, 76
1619607672.876079, 77
1619607672.889404, 77
1619607672.903358, 77
1619607672.917369, 76
1619607672.930428, 78
1619607672.943655, 78
1619607672.956965, 79
1619607672.971617, 79
1619607672.984973, 78
1619607672.999216, 77
1619607673.013076, 77
1619607673.028206, 76
1619607673.041552, 77
1619607673.055631, 76
1619607673.070655, 77
1619607673.085589, 78
1619607673.099249, 78
1619607673.112333, 78
1619607673.125703, 79
1619607673.139203, 78
1619607673.152741, 78
1619607673.165680, 79
1619607673.178395, 79
1619607673.191157, 78
1619607673.204677, 79
1619607673.218134, 78
1619607673.231709, 78
1619607673.245597, 78
1619607673.259750, 78
1619607673.273184, 78
1619607673.287105, 78
1619607673.300644, 77
1619607673.314023, 78
1619607673.328071, 77
1619607673.341666, 78
1619607673.355326, 78
1619607673.368453, 79
1619607673.381972, 78
1619607673.395441, 78
1619607673.409469, 79
1619607673.422474, 80
1619607673.436008, 79
1619607673.449271, 79
1619607673.462604, 79
1619607673.476975, 79
1619607673.490052, 79
1619607673.503758, 79
1619607673.517273, 80
1619607673.530909, 79
1619607673.544449, 78
1619607673.557368, 80
1619607673.570624, 79
1619607673.583733, 80
1619607673.597049, 78
1619607673.610712, 78
1619607673.624661, 78
1619607673.638771, 78
1619607673.653145, 78
1619607673.667240, 78
1619607673.681013, 79
1619607673.694478, 80
1619607673.708469, 80
1619607673.722495, 80
1619607673.736037, 79
1619607673.749584, 81
1619607673.763099, 80
1619607673.777115, 80
1619607673.790663, 79
1619607673.804579, 81
1619607673.818120, 81
1619607673.832151, 80
1619607673.846107, 79
1619607673.859684, 80
1619607673.873760, 81
1619607673.886694, 80
1619607673.899650, 79
1619607673.912711, 81
1619607673.927259, 81
1619607673.941218, 80
1619607673.955699, 80
1619607673.969070, 81
1619607673.983527, 80
1619607673.996760, 80
1619607674.010585, 80
1619607674.024112, 81
1619607674.038179, 80
1619607674.051890, 80
1619607674.065798, 80
1619607674.079849, 81
1619607674.093226, 81
1619607674.106831, 80
1619607674.121270, 80
1619607674.135856, 80
1619607674.149338, 81
1619607674.162749, 80
1619607674.177727, 80
1619607674.191381, 82
1619607674.205126, 80
1619607674.219027, 80
1619607674.232984, 81
1619607674.246954, 81
1619607674.260803, 80
1619607674.274197, 79
1619607674.289134, 79
1619607674.303406, 79
1619607674.317290, 81
1619607674.331493, 82
1619607674.345406, 81
1619607674.359671, 81
1619607674.374119, 82
1619607674.388200, 82
1619607674.401960, 81
1619607674.416753, 82
1619607674.431281, 82
1619607674.445428, 82
1619607674.459717, 82
1619607674.474230, 82
1619607674.488012, 82
1619607674.501761, 81
1619607674.515934, 80
1619607674.529994, 82
1619607674.544268, 82
1619607674.558288, 81
1619607674.572034, 80
1619607674.585185, 81
1619607674.599096, 80
1619607674.613135, 81
1619607674.626284, 81
1619607674.639135, 82
1619607674.652642, 81
1619607674.666653, 82
1619607674.679914, 81
1619607674.694354, 82
1619607674.708355, 82
1619607674.722363, 82
1619607674.736432, 82
1619607674.750351, 82
1619607674.763442, 82
1619607674.776394, 83
1619607674.789803, 82
1619607674.803204, 82
1619607674.816917, 82
1619607674.829759, 81
1619607674.843412, 81
1619607674.856867, 81
1619607674.870838, 81
1619607674.884217, 81
1619607674.897338, 80
1619607674.910810, 82
1619607674.924253, 82
1619607674.938455, 83
1619607674.952344, 83
1619607674.965411, 83
1619607674.979610, 83
1619607674.993168, 83
1619607675.006404, 84
1619607675.019682, 83
1619607675.033403, 83
1619607675.046896, 83
1619607675.060301, 84
1619607675.074328, 83
1619607675.088515, 83
1619607675.101548, 83
1619607675.115510, 84
1619607675.128978, 83
1619607675.142676, 82
1619607675.156109, 82
1619607675.170494, 82
1619607675.184027, 81
1619607675.197034, 82
1619607675.210911, 82
1619607675.224159, 83
1619607675.237584, 83
1619607675.251338, 83
1619607675.265343, 84
1619607675.279884, 84
1619607675.293866, 85
1619607675.308407, 84
1619607675.322566, 83
1619607675.336554, 83
1619607675.349869, 83
1619607675.362739, 84
1619607675.376884, 84
1619607675.389821, 85
1619607675.403478, 84
1619607675.416818, 83
1619607675.430661, 84
1619607675.444700, 84
1619607675.458616, 84
1619607675.471716, 83
1619607675.485344, 82
1619607675.500317, 83
1619607675.514391, 84
1619607675.527577, 83
1619607675.541700, 84
1619607675.555308, 84
1619607675.569234, 83
1619607675.583783, 85
1619607675.597178, 85
1619607675.612030, 84
1619607675.625827, 85
1619607675.641083, 85
1619607675.654192, 83
1619607675.668256, 85
1619607675.682784, 85
1619607675.696601, 84
1619607675.710828, 84
1619607675.724625, 84
1619607675.738702, 85
1619607675.753275, 84
1619607675.767258, 84
1619607675.781060, 84
1619607675.795177, 84
1619607675.810034, 84
1619607675.824137, 84
1619607675.837338, 84
1619607675.850886, 85
1619607675.864919, 84
1619607675.878712, 85
1619607675.892175, 84
1619607675.906649, 84
1619607675.921124, 86
1619607675.935786, 86
1619607675.950865, 85
1619607675.965046, 86
1619607675.979638, 86
1619607675.993338, 85
1619607676.006874, 85
1619607676.020211, 86
1619607676.034740, 85
1619607676.049259, 85
1619607676.063482, 85
1619607676.077456, 85
1619607676.092328, 84
1619607676.106785, 85
1619607676.119952, 84
1619607676.133412, 84
1619607676.146965, 86
1619607676.161686, 86
1619607676.175720, 85
1619607676.190492, 86
1619607676.204734, 86
1619607676.218838, 86
1619607676.232852, 86
1619607676.246842, 87
1619607676.261356, 87
1619607676.275996, 86
1619607676.289810, 87
1619607676.303794, 86
1619607676.317732, 86
1619607676.331756, 86
1619607676.345490, 86
1619607676.359560, 85
1619607676.374075, 86
1619607676.388525, 85
1619607676.401962, 86
1619607676.416074, 84
1619607676.430270, 85
1619607676.444141, 86
1619607676.458431, 85
1619607676.471554, 85
1619607676.485989, 86
1619607676.500042, 86
1619607676.514432, 85
1619607676.528917, 85
1619607676.542629, 87
1619607676.555544, 86
1619607676.569942, 86
1619607676.583749, 86
1619607676.597668, 87
1619607676.612294, 87
1619607676.625551, 86
1619607676.638958, 85
1619607676.652797, 86
1619607676.666626, 86
1619607676.680372, 88
1619607676.695210, 87
1619607676.709670, 87
1619607676.723577, 87
1619607676.737373, 86
1619607676.750590, 86
1619607676.764410, 86
1619607676.778188, 87
1619607676.791987, 86
1619607676.805879, 86
1619607676.819828, 85
1619607676.832915, 86
1619607676.846675, 87
1619607676.861208, 87
1619607676.874284, 87
1619607676.888468, 87
1619607676.902340, 87
1619607676.915987, 87
1619607676.929976, 87
1619607676.944141, 88
1619607676.957909, 87
1619607676.971839, 87
1619607676.986359, 87
1619607677.000122, 88
1619607677.013233, 88
1619607677.027808, 88
1619607677.042356, 88
1619607677.056202, 87
1619607677.070662, 86
1619607677.085253, 86
1619607677.099815, 87
1619607677.113245, 88
1619607677.127024, 87
1619607677.140812, 87
1619607677.153943, 86
1619607677.167456, 88
1619607677.181413, 88
1619607677.195035, 88
1619607677.209514, 87
1619607677.224188, 87
1619607677.238006, 87
1619607677.251469, 88
1619607677.265934, 89
1619607677.280079, 89
1619607677.294698, 88
1619607677.308585, 88
1619607677.321923, 89
1619607677.336258, 88
1619607677.349501, 89
1619607677.363517, 88
1619607677.377032, 89
1619607677.390554, 87
1619607677.403861, 88
1619607677.417731, 88
1619607677.430718, 88
1619607677.444056, 88
1619607677.457358, 87
1619607677.472535, 87
1619607677.486694, 88
1619607677.500593, 87
1619607677.513850, 88
1619607677.527118, 88
1619607677.541013, 88
1619607677.555709, 89
1619607677.569561, 89
1619607677.583518, 89
1619607677.597208, 88
1619607677.611128, 89
1619607677.625086, 88
1619607677.639009, 89
1619607677.652257, 89
1619607677.666270, 89
1619607677.679544, 90
1619607677.693552, 89
1619607677.707455, 90
1619607677.722004, 89
1619607677.735967, 88
1619607677.750620, 87
1619607677.764404, 89
1619607677.778420, 89
1619607677.792568, 90
1619607677.807074, 89
1619607677.821012, 89
1619607677.835069, 88
1619607677.848333, 90
1619607677.861542, 90
1619607677.875075, 89
1619607677.888370, 89
1619607677.901715, 90
1619607677.915431, 90
1619607677.928559, 90
1619607677.941813, 90
1619607677.955872, 89
1619607677.969686, 90
1619607677.983190, 90
1619607677.995967, 90
1619607678.009005, 90
1619607678.021977, 89
1619607678.035598, 90
1619607678.049502, 90
1619607678.063520, 89
1619607678.077326, 90
1619607678.091556, 90
1619607678.105559, 89
1619607678.121146, 89
1619607678.135290, 89
1619607678.149024, 90
1619607678.162163, 89
1619607678.175539, 91
1619607678.189418, 90
1619607678.203434, 90
1619607678.217333, 90
1619607678.231942, 90
1619607678.245189, 91
1619607678.258468, 90
1619607678.272479, 91
1619607678.286387, 91
1619607678.300237, 91
1619607678.314212, 91
1619607678.328102, 90
1619607678.341365, 91
1619607678.354831, 91
1619607678.368242, 90
1619607678.381629, 89
1619607678.395540, 89
1619607678.409158, 90
1619607678.423114, 91
1619607678.437702, 91
1619607678.451643, 90
1619607678.465582, 90
1619607678.479543, 91
1619607678.494187, 91
1619607678.508143, 91
1619607678.521354, 91
1619607678.535949, 91
1619607678.549233, 92
1619607678.563193, 91
1619607678.577112, 91
1619607678.590999, 91
1619607678.604241, 91
1619607678.617549, 91
1619607678.630809, 91
1619607678.645359, 91
1619607678.658653, 91
1619607678.673234, 92
1619607678.687200, 91
1619607678.701083, 91
1619607678.715344, 92
1619607678.729167, 91
1619607678.744206, 90
1619607678.758611, 91
1619607678.771727, 91
1619607678.785597, 91
1619607678.799542, 91
1619607678.813559, 90
1619607678.827413, 90
1619607678.841667, 92
1619607678.854914, 92
1619607678.868506, 91
1619607678.881809, 93
1619607678.895904, 92
1619607678.910299, 91
1619607678.923933, 92
1619607678.936872, 91
1619607678.950059, 93
1619607678.963013, 92
1619607678.976936, 93
1619607678.990350, 93
1619607679.004315, 92
1619607679.018364, 92
1619607679.032946, 92
1619607679.046243, 93
1619607679.061510, 91
1619607679.075496, 91
1619607679.089521, 91
1619607679.103579, 91
1619607679.117436, 92
1619607679.131368, 92
1619607679.145271, 92
1619607679.158568, 92
1619607679.171896, 93
1619607679.184801, 92
1619607679.198870, 92
1619607679.212333, 92
1619607679.225495, 93
1619607679.239510, 93
1619607679.253398, 92
1619607679.267381, 92
1619607679.281244, 93
1619607679.295466, 94
1619607679.309743, 93
1619607679.323659, 93
1619607679.337102, 92
1619607679.350407, 94
1619607679.364285, 93
1619607679.378236, 93
1619607679.392815, 92
1619607679.407157, 93
1619607679.420865, 93
1619607679.435424, 92
1619607679.449601, 92
1619607679.462867, 92
1619607679.476768, 93
1619607679.490047, 92
1619607679.503381, 92
1619607679.516587, 93
1619607679.529520, 92
1619607679.543111, 93
1619607679.555757, 93
1619607679.569587, 93
1619607679.583647, 92
1619607679.597522, 93
1619607679.610941, 94
1619607679.625226, 93
1619607679.638346, 94
1619607679.652344, 94
1619607679.666875, 94
1619607679.680862, 93
1619607679.694698, 93
1619607679.709434, 94
1619607679.723921, 93
1619607679.737804, 92
1619607679.752439, 93
1619607679.766990, 93
1619607679.781585, 92
1619607679.794835, 92
1619607679.809207, 92
1619607679.823213, 93
1619607679.837732, 92
1619607679.851940, 94
1619607679.865836, 94
1619607679.879486, 94
1619607679.894344, 95
1619607679.906932, 94
1619607679.920162, 95
1619607679.933702, 93
1619607679.946944, 95
1619607679.961168, 94
1619607679.974422, 93
1619607679.987731, 95
1619607680.000970, 94
1619607680.015007, 94
1619607680.029500, 95
1619607680.042916, 93
1619607680.056832, 95
1619607680.070779, 94
1619607680.085280, 93
1619607680.098578, 94
1619607680.112270, 93
1619607680.126196, 93
1619607680.140986, 94
1619607680.154768, 94
1619607680.169061, 93
1619607680.182270, 93
1619607680.195427, 95
1619607680.209435, 95
1619607680.222853, 94
1619607680.237379, 95
1619607680.251404, 96
1619607680.265744, 95
1619607680.279959, 95
1619607680.293767, 94
1619607680.307845, 95
1619607680.322436, 95
1619607680.335729, 96
1619607680.350319, 96
1619607680.364844, 95
1619607680.379504, 96
1619607680.393393, 96
1619607680.406775, 96
1619607680.420525, 93
1619607680.433966, 94
1619607680.447754, 95
1619607680.461735, 94
1619607680.474916, 94
1619607680.488901, 94
1619607680.502877, 94
1619607680.516900, 95
1619607680.530789, 95
1619607680.544355, 96
1619607680.558553, 95
1619607680.572608, 96
1619607680.586772, 96
1619607680.600693, 96
1619607680.613914, 96
1619607680.628723, 97
1619607680.642639, 96
1619607680.656662, 96
1619607680.670643, 96
1619607680.684223, 96
1619607680.697793, 96
1619607680.711812, 96
1619607680.724993, 96
1619607680.738210, 96
1619607680.752836, 95
1619607680.766054, 95
1619607680.779438, 95
1619607680.792675, 96
1619607680.805398, 95
1619607680.818257, 95
1619607680.831586, 95
1619607680.845477, 96
1619607680.858746, 96
1619607680.873408, 97
1619607680.887316, 96
1619607680.901241, 97
1619607680.915442, 96
1619607680.929114, 97
1619607680.942476, 96
1619607680.956290, 95
1619607680.970163, 96
1619607680.983843, 96
1619607680.996695, 97
1619607681.009803, 96
1619607681.024466, 96
1619607681.037659, 96
1619607681.051653, 96
1619607681.064871, 97
1619607681.079126, 97
1619607681.093839, 96
1619607681.107773, 95
1619607681.122360, 96
1619607681.136651, 96
1619607681.149968, 96
1619607681.163882, 96
1619607681.177886, 96
1619607681.191802, 96
1619607681.205095, 95
1619607681.219794, 97
1619607681.234107, 97
1619607681.247902, 97
1619607681.262419, 96
1619607681.275723, 97
1619607681.289343, 97
1619607681.303629, 98
1619607681.316893, 97
1619607681.330212, 97
1619607681.344839, 98
1619607681.358741, 97
1619607681.372680, 97
1619607681.386594, 98
1619607681.400521, 97
1619607681.415003, 97
1619607681.428874, 98
1619607681.443463, 96
1619607681.457838, 96
1619607681.471730, 97
1619607681.485629, 96
1619607681.498870, 97
1619607681.511502, 96
1619607681.524220, 96
1619607681.538088, 97
1619607681.551471, 98
1619607681.565942, 98
1619607681.580076, 96
1619607681.593691, 97
1619607681.606998, 97
1619607681.620933, 98
1619607681.634857, 99
1619607681.648735, 98
1619607681.662689, 98
1619607681.677236, 98
1619607681.691902, 98
1619607681.705188, 98
1619607681.719926, 98
1619607681.734314, 98
1619607681.748927, 97
1619607681.762177, 97
1619607681.776790, 98
1619607681.791330, 98
1619607681.806019, 97
1619607681.820395, 98
1619607681.834334, 97
1619607681.848920, 96
1619607681.863991, 97
1619607681.877377, 97
1619607681.891528, 98
1619607681.906053, 97
1619607681.920636, 98
1619607681.935276, 98
1619607681.949173, 98
1619607681.963092, 98
1619607681.977705, 99
1619607681.992886, 99
1619607682.007555, 98
1619607682.024079, 98
1619607682.038650, 99
1619607682.052570, 98
1619607682.065871, 98
1619607682.079133, 98
1619607682.093048, 99
1619607682.106966, 99
1619607682.120192, 98
1619607682.134087, 99
1619607682.149011, 99
1619607682.163469, 99
1619607682.178132, 98
1619607682.191094, 98
1619607682.204119, 98
1619607682.217690, 98
1619607682.231595, 97
1619607682.245492, 98
1619607682.260776, 98
1619607682.274702, 99
1619607682.288564, 99
1619607682.301244, 100
1619607682.315191, 99
1619607682.329040, 99
1619607682.343259, 100
1619607682.360507, 99
1619607682.376076, 100
1619607682.392679, 99
1619607682.407897, 100
1619607682.424518, 99
1619607682.439920, 98
1619607682.456448, 100
1619607682.472251, 99
1619607682.487496, 98
1619607682.503431, 97
1619607682.517303, 97
1619607682.531707, 98
1619607682.547575, 98
1619607682.563565, 97
1619607682.579679, 98
1619607682.594030, 99
1619607682.607532, 97
1619607682.621339, 99
1619607682.635252, 99
1619607682.649249, 99
1619607682.662434, 99
1619607682.676309, 99
1619607682.689580, 99
1619607682.702886, 99
1619607682.718134, 98
1619607682.732025, 98
1619607682.745340, 98
1619607682.759233, 98
1619607682.773874, 98
1619607682.787747, 98
1619607682.802341, 98
1619607682.816937, 98
1619607682.830977, 98
1619607682.845657, 98
1619607682.860726, 97
1619607682.873968, 97
1619607682.888556, 96
1619607682.903176, 96
1619607682.917110, 96
1619607682.931489, 95
1619607682.944664, 96
1619607682.958668, 96
1619607682.972010, 89
1619607682.987120, 88
1619607683.000422, 84
1619607683.013676, 78
1619607683.027699, 73
1619607683.041526, 67
1619607683.055580, 62
1619607683.068755, 57
1619607683.081971, 51
1619607683.095889, 47
1619607683.109182, 46
1619607683.123222, 46
1619607683.136314, 46
1619607683.148901, 46
1619607683.162169, 46
1619607683.175752, 46
1619607683.188988, 45
1619607683.202006, 48
1619607683.215577, 48
1619607683.229290, 48
1619607683.243480, 48
1619607683.256525, 48
1619607683.269755, 48
1619607683.283698, 47
1619607683.296927, 47
1619607683.310895, 46
1619607683.324774, 46
1619607683.338016, 48
1619607683.351339, 48
1619607683.365392, 47
1619607683.379340, 47
1619607683.392166, 48
1619607683.405620, 47
1619607683.418309, 46
1619607683.432018, 49
1619607683.445560, 48
1619607683.458872, 48
1619607683.472958, 48
1619607683.486884, 49
1619607683.500776, 49
1619607683.514020, 49
1619607683.528009, 50
1619607683.542244, 48
1619607683.555471, 50
1619607683.569193, 49
1619607683.583914, 48
1619607683.597443, 49
1619607683.610703, 48
1619607683.624640, 48
1619607683.637942, 48
1619607683.651554, 48
1619607683.664794, 50
1619607683.678059, 49
1619607683.691374, 49
1619607683.705218, 49
1619607683.718417, 50
1619607683.731947, 49
1619607683.745604, 50
1619607683.759313, 50
1619607683.772881, 50
1619607683.786842, 48
1619607683.800853, 49
1619607683.814020, 48
1619607683.828579, 49
1619607683.841996, 50
1619607683.856010, 48
1619607683.870518, 48
1619607683.884470, 49
1619607683.897706, 51
1619607683.911840, 50
1619607683.925596, 51
1619607683.939639, 50
1619607683.954136, 50
1619607683.967471, 51
1619607683.981281, 51
1619607683.995565, 50
1619607684.008868, 52
1619607684.022908, 50
1619607684.036704, 50
1619607684.050000, 49
1619607684.063227, 51
1619607684.077135, 49
1619607684.090485, 50
1619607684.104349, 49
1619607684.118521, 51
1619607684.131701, 50
1619607684.144477, 51
1619607684.159043, 52
1619607684.173274, 51
1619607684.187217, 51
1619607684.201130, 51
1619607684.215072, 52
1619607684.228995, 52
1619607684.242254, 52
1619607684.255923, 51
1619607684.270480, 51
1619607684.285024, 51
1619607684.298932, 51
1619607684.312870, 51
1619607684.327699, 50
1619607684.341541, 51
1619607684.355526, 50
1619607684.369332, 51
1619607684.383345, 51
1619607684.397095, 52
1619607684.411385, 53
1619607684.425093, 53
1619607684.438429, 53
1619607684.452251, 52
1619607684.466530, 52
1619607684.480490, 53
1619607684.494360, 52
1619607684.508192, 52
1619607684.521455, 50
1619607684.534658, 51
1619607684.547947, 52
1619607684.561199, 51
1619607684.574566, 52
1619607684.588441, 51
1619607684.602330, 51
1619607684.616875, 53
1619607684.630724, 52
1619607684.643881, 52
1619607684.659026, 53
1619607684.672538, 53
1619607684.687332, 53
1619607684.701548, 53
1619607684.716085, 53
1619607684.729299, 54
1619607684.742650, 53
1619607684.757109, 52
1619607684.770515, 52
1619607684.787642, 52
1619607684.801973, 52
1619607684.815522, 52
1619607684.829307, 52
1619607684.842649, 53
1619607684.856407, 53
1619607684.870929, 54
1619607684.883520, 55
1619607684.896798, 54
1619607684.909404, 54
1619607684.922688, 55
1619607684.936622, 54
1619607684.951370, 54
1619607684.965875, 53
1619607684.979948, 55
1619607684.994086, 54
1619607685.008099, 54
1619607685.022042, 53
1619607685.037198, 53
1619607685.052369, 53
1619607685.065740, 53
1619607685.079389, 54
1619607685.092664, 54
1619607685.105915, 54
1619607685.119186, 55
1619607685.133105, 54
1619607685.146948, 56
1619607685.161300, 55
1619607685.175254, 54
1619607685.189000, 54
1619607685.203207, 55
1619607685.217736, 55
1619607685.231588, 53
1619607685.246039, 54
1619607685.259128, 54
1619607685.272691, 54
1619607685.285921, 55
1619607685.299200, 55
1619607685.313525, 54
1619607685.327385, 54
1619607685.341597, 55
1619607685.356780, 55
1619607685.369956, 56
1619607685.383412, 55
1619607685.396906, 55
1619607685.410803, 57
1619607685.425039, 56
1619607685.439204, 56
1619607685.452862, 55
1619607685.466400, 57
1619607685.479875, 57
1619607685.493564, 55
1619607685.507483, 54
1619607685.521337, 56
1619607685.534596, 55
1619607685.547951, 55
1619607685.562078, 55
1619607685.575919, 56
1619607685.589714, 55
1619607685.602924, 57
1619607685.616915, 56
1619607685.629983, 57
1619607685.643367, 56
1619607685.656496, 56
1619607685.670198, 57
1619607685.683724, 57
1619607685.697793, 56
1619607685.711307, 56
1619607685.724856, 57
1619607685.738675, 56
1619607685.752031, 56
1619607685.765898, 55
1619607685.779495, 57
1619607685.793284, 56
1619607685.807139, 56
1619607685.820627, 55
1619607685.834513, 56
1619607685.847738, 56
1619607685.860764, 58
1619607685.873939, 57
1619607685.887537, 57
1619607685.902084, 58
1619607685.915098, 57
1619607685.928521, 57
1619607685.941881, 58
1619607685.955966, 58
1619607685.970422, 57
1619607685.984839, 57
1619607685.999447, 56
1619607686.013833, 57
1619607686.027878, 58
1619607686.041309, 57
1619607686.054645, 56
1619607686.068620, 58
1619607686.082488, 58
1619607686.095692, 56
1619607686.108793, 58
1619607686.122381, 59
1619607686.136015, 59
1619607686.150432, 59
1619607686.164100, 58
1619607686.178740, 58
1619607686.192574, 58
1619607686.207370, 58
1619607686.221086, 59
1619607686.235622, 58
1619607686.249423, 59
1619607686.263445, 58
1619607686.277178, 57
1619607686.290833, 58
1619607686.304781, 58
1619607686.318335, 58
1619607686.332442, 58
1619607686.346283, 59
1619607686.359630, 59
1619607686.373924, 59
1619607686.387143, 59
1619607686.400962, 59
1619607686.415134, 59
1619607686.428876, 59
1619607686.443451, 60
1619607686.457297, 59
1619607686.471737, 60
1619607686.486628, 59
1619607686.500485, 58
1619607686.514439, 59
1619607686.527749, 58
1619607686.541103, 59
1619607686.555478, 58
1619607686.570003, 59
1619607686.583464, 59
1619607686.598583, 59
1619607686.612058, 58
1619607686.625990, 60
1619607686.640845, 60
1619607686.655601, 61
1619607686.670166, 60
1619607686.684632, 61
1619607686.698425, 60
1619607686.712514, 60
1619607686.727638, 60
1619607686.741769, 59
1619607686.755510, 59
1619607686.769881, 59
1619607686.783412, 60
1619607686.797328, 59
1619607686.811174, 58
1619607686.824462, 59
1619607686.838121, 59
1619607686.851511, 59
1619607686.865310, 59
1619607686.879876, 60
1619607686.894478, 60
1619607686.908158, 60
1619607686.921855, 60
1619607686.935794, 61
1619607686.949092, 61
1619607686.962307, 61
1619607686.975532, 61
1619607686.989466, 62
1619607687.003563, 62
1619607687.017683, 61
1619607687.031834, 59
1619607687.045764, 60
1619607687.059907, 60
1619607687.074548, 60
1619607687.087782, 60
1619607687.101644, 60
1619607687.116699, 61
1619607687.130868, 60
1619607687.144527, 62
1619607687.158113, 62
1619607687.171988, 61
1619607687.185817, 61
1619607687.199770, 61
1619607687.213386, 61
1619607687.227438, 62
1619607687.241238, 61
1619607687.254370, 62
1619607687.268692, 62
1619607687.282197, 63
1619607687.296078, 62
1619607687.309756, 62
1619607687.323937, 62
1619607687.338265, 61
1619607687.351767, 60
1619607687.364817, 62
1619607687.378152, 61
1619607687.391524, 62
1619607687.405300, 62
1619607687.419068, 62
1619607687.432201, 63
1619607687.445598, 62
1619607687.458717, 62
1619607687.472480, 63
1619607687.485407, 63
1619607687.498962, 62
1619607687.512251, 62
1619607687.526104, 63
1619607687.540000, 63
1619607687.553835, 61
1619607687.567906, 61
1619607687.582300, 63
1619607687.596153, 63
1619607687.610546, 62
1619607687.624415, 62
1619607687.637577, 62
1619607687.651925, 63
1619607687.665331, 62
1619607687.678484, 63
1619607687.692568, 63
1619607687.706724, 63
1619607687.720890, 64
1619607687.734432, 63
1619607687.748316, 64
1619607687.761631, 64
1619607687.776008, 64
1619607687.790141, 63
1619607687.803373, 64
1619607687.816540, 63
1619607687.830124, 63
1619607687.843552, 63
1619607687.856608, 62
1619607687.870584, 63
1619607687.884193, 62
1619607687.897728, 63
1619607687.911296, 64
1619607687.925522, 63
1619607687.939507, 64
1619607687.952697, 64
1619607687.966628, 64
1619607687.980089, 64
1619607687.993419, 63
1619607688.007854, 64
1619607688.021700, 65
1619607688.035167, 65
1619607688.049035, 64
1619607688.063173, 65
1619607688.077123, 64
1619607688.092524, 63
1619607688.106401, 63
1619607688.120946, 64
1619607688.135370, 63
1619607688.149119, 64
1619607688.163300, 63
1619607688.177818, 63
1619607688.191822, 64
1619607688.205343, 64
1619607688.218307, 64
1619607688.233401, 66
1619607688.247555, 65
1619607688.261104, 66
1619607688.275019, 65
1619607688.288938, 65
1619607688.302278, 65
1619607688.317108, 66
1619607688.330398, 65
1619607688.344577, 65
1619607688.358531, 65
1619607688.373056, 64
1619607688.387606, 64
1619607688.401360, 64
1619607688.415571, 65
1619607688.428741, 64
1619607688.441990, 66
1619607688.457038, 65
1619607688.471450, 65
1619607688.485618, 65
1619607688.500035, 66
1619607688.513221, 65
1619607688.527089, 65
1619607688.541189, 65
1619607688.554019, 66
1619607688.567629, 65
1619607688.581072, 67
1619607688.594556, 66
1619607688.607677, 66
1619607688.621593, 66
1619607688.636483, 65
1619607688.649694, 66
1619607688.663735, 64
1619607688.678675, 65
1619607688.692748, 66
1619607688.706295, 65
1619607688.720669, 66
1619607688.734547, 66
1619607688.748379, 65
1619607688.762266, 66
1619607688.775827, 66
1619607688.790408, 66
1619607688.804393, 68
1619607688.818025, 67
1619607688.831912, 66
1619607688.845375, 66
1619607688.859333, 67
1619607688.872586, 67
1619607688.886469, 67
1619607688.899961, 66
1619607688.912995, 67
1619607688.925434, 66
1619607688.938934, 66
1619607688.952959, 67
1619607688.966761, 66
1619607688.981314, 66
1619607688.996610, 66
1619607689.010543, 67
1619607689.025114, 66
1619607689.038953, 68
1619607689.053875, 67
1619607689.067522, 67
1619607689.081809, 67
1619607689.095773, 68
1619607689.110239, 68
1619607689.123251, 68
1619607689.137386, 67
1619607689.151676, 68
1619607689.165319, 67
1619607689.178827, 67
1619607689.193131, 67
1619607689.206549, 66
1619607689.220524, 67
1619607689.235276, 67
1619607689.249419, 67
1619607689.264729, 68
1619607689.279322, 68
1619607689.293564, 68
1619607689.308064, 68
1619607689.322124, 69
1619607689.335960, 69
1619607689.350517, 69
1619607689.364982, 67
1619607689.380189, 68
1619607689.395183, 68
1619607689.409737, 68
1619607689.423221, 69
1619607689.437115, 68
1619607689.451461, 69
1619607689.466954, 67
1619607689.480202, 68
1619607689.494169, 67
1619607689.508350, 68
1619607689.522143, 68
1619607689.535844, 68
1619607689.550208, 68
1619607689.564146, 67
1619607689.577682, 68
1619607689.592043, 69
1619607689.606362, 69
1619607689.620520, 70
1619607689.634192, 69
1619607689.648022, 69
1619607689.662562, 70
1619607689.676606, 69
1619607689.690777, 69
1619607689.704467, 70
1619607689.717729, 70
1619607689.732179, 69
1619607689.745255, 68
1619607689.758616, 69
1619607689.772870, 69
1619607689.786712, 68
1619607689.800819, 69
1619607689.814184, 69
1619607689.828790, 69
1619607689.842752, 69
1619607689.856930, 69
1619607689.871308, 69
1619607689.885864, 70
1619607689.900204, 70
1619607689.913651, 70
1619607689.928922, 70
1619607689.942086, 70
1619607689.956660, 70
1619607689.971022, 70
1619607689.984480, 70
1619607689.997800, 69
1619607690.011783, 71
1619607690.024977, 71
1619607690.038906, 69
1619607690.052977, 69
1619607690.066237, 70
1619607690.080708, 70
1619607690.095009, 70
1619607690.109186, 70
1619607690.123036, 69
1619607690.136979, 68
1619607690.149919, 71
1619607690.164461, 70
1619607690.177979, 71
1619607690.191803, 70
1619607690.205341, 71
1619607690.218435, 70
1619607690.231848, 71
1619607690.246096, 71
1619607690.260047, 71
1619607690.273509, 71
1619607690.287978, 71
1619607690.301524, 70
1619607690.315065, 70
1619607690.329271, 69
1619607690.342941, 70
1619607690.356165, 69
1619607690.369051, 71
1619607690.382317, 71
1619607690.396331, 70
1619607690.410937, 70
1619607690.424898, 71
1619607690.439565, 71
1619607690.453722, 71
1619607690.467805, 71
1619607690.481810, 71
1619607690.495043, 71
1619607690.508919, 71
1619607690.522988, 71
1619607690.536293, 72
1619607690.550131, 71
1619607690.563802, 72
1619607690.577480, 71
1619607690.591375, 71
1619607690.604879, 70
1619607690.618447, 71
1619607690.631585, 71
1619607690.645564, 71
1619607690.658647, 70
1619607690.672550, 71
1619607690.688188, 71
1619607690.702178, 72
1619607690.715994, 71
1619607690.729464, 71
1619607690.742816, 73
1619607690.756691, 73
1619607690.770474, 72
1619607690.784136, 72
1619607690.797351, 72
1619607690.811214, 73
1619607690.824776, 73
1619607690.837444, 72
1619607690.851250, 72
1619607690.863912, 73
1619607690.877143, 73
1619607690.891664, 72
1619607690.905224, 72
1619607690.919721, 71
1619607690.933544, 72
1619607690.946821, 72
1619607690.960883, 71
1619607690.974027, 71
1619607690.988767, 72
1619607691.002154, 72
1619607691.016934, 73
1619607691.030225, 74
1619607691.043780, 74
1619607691.057639, 73
1619607691.071343, 74
1619607691.085844, 74
1619607691.099681, 73
1619607691.113506, 73
1619607691.127966, 74
1619607691.142503, 73
1619607691.156597, 74
1619607691.170542, 74
1619607691.185257, 73
1619607691.199833, 72
1619607691.213698, 73
1619607691.227567, 72
1619607691.240822, 72
1619607691.255412, 73
1619607691.269404, 73
1619607691.282851, 73
1619607691.297632, 73
1619607691.311115, 75
1619607691.325990, 74
1619607691.339696, 74
1619607691.353694, 73
1619607691.368008, 74
1619607691.382160, 75
1619607691.396670, 74
1619607691.409860, 73
1619607691.423701, 74
1619607691.437601, 74
1619607691.451638, 74
1619607691.466108, 75
1619607691.480044, 74
1619607691.493616, 74
1619607691.506772, 73
1619607691.520721, 73
1619607691.535443, 73
1619607691.549088, 73
1619607691.563135, 73
1619607691.577100, 74
1619607691.591013, 73
1619607691.604346, 74
1619607691.617555, 74
1619607691.631999, 75
1619607691.645813, 76
1619607691.659867, 74
1619607691.673714, 75
1619607691.688371, 74
1619607691.702244, 74
1619607691.716467, 76
1619607691.729927, 75
1619607691.743522, 76
1619607691.757037, 75
1619607691.771306, 73
1619607691.785767, 73
1619607691.799669, 74
1619607691.813678, 74
1619607691.827399, 75
1619607691.841912, 75
1619607691.855944, 74
1619607691.869792, 74
1619607691.883925, 74
1619607691.897502, 75
1619607691.912009, 75
1619607691.925640, 75
1619607691.939325, 75
1619607691.953939, 76
1619607691.969445, 75
1619607691.983406, 75
1619607691.997067, 76
1619607692.011883, 75
1619607692.025128, 77
1619607692.038720, 77
1619607692.053414, 75
1619607692.067957, 74
1619607692.081023, 75
1619607692.094537, 75
1619607692.109237, 75
1619607692.123163, 76
1619607692.136306, 75
1619607692.150340, 75
1619607692.164502, 73
1619607692.177657, 75
1619607692.190902, 75
1619607692.204174, 75
1619607692.216847, 77
1619607692.229764, 76
1619607692.243379, 76
1619607692.256196, 76
1619607692.269908, 76
1619607692.283242, 77
1619607692.297624, 77
1619607692.311502, 77
1619607692.324787, 77
1619607692.339530, 76
1619607692.353198, 76
1619607692.367110, 75
1619607692.382211, 75
1619607692.395068, 75
1619607692.409387, 75
1619607692.423279, 75
1619607692.437816, 75
1619607692.452381, 77
1619607692.466087, 76
1619607692.479544, 77
1619607692.493901, 77
1619607692.507924, 78
1619607692.521489, 77
1619607692.535349, 76
1619607692.549901, 77
1619607692.563854, 77
1619607692.577859, 77
1619607692.591608, 77
1619607692.606064, 78
1619607692.619762, 78
1619607692.633445, 77
1619607692.647420, 78
1619607692.661358, 76
1619607692.675297, 77
1619607692.689264, 76
1619607692.703200, 77
1619607692.716655, 76
1619607692.729893, 76
1619607692.744452, 76
1619607692.758691, 76
1619607692.773222, 76
1619607692.787124, 79
1619607692.800396, 77
1619607692.813928, 78
1619607692.826663, 79
1619607692.840183, 79
1619607692.854247, 78
1619607692.868125, 77
1619607692.881652, 78
1619607692.896165, 78
1619607692.910070, 78
1619607692.925172, 78
1619607692.939731, 79
1619607692.953726, 78
1619607692.967949, 76
1619607692.982192, 76
1619607692.995815, 76
1619607693.010266, 78
1619607693.024741, 78
1619607693.038027, 77
1619607693.052859, 78
1619607693.067786, 78
1619607693.081544, 78
1619607693.096213, 78
1619607693.109755, 78
1619607693.123708, 79
1619607693.136971, 79
1619607693.150918, 78
1619607693.163711, 79
1619607693.177028, 78
1619607693.189798, 78
1619607693.206467, 78
1619607693.219259, 78
1619607693.233274, 79
1619607693.247380, 78
1619607693.262231, 79
1619607693.276757, 77
1619607693.290175, 79
1619607693.303426, 79
1619607693.317263, 78
1619607693.331717, 78
1619607693.345902, 77
1619607693.359434, 78
1619607693.374186, 79
1619607693.387491, 80
1619607693.401666, 79
1619607693.417321, 79
1619607693.431394, 79
1619607693.445323, 80
1619607693.459330, 80
1619607693.474543, 79
1619607693.488593, 80
1619607693.502291, 79
1619607693.515640, 80
1619607693.530067, 79
1619607693.544669, 80
1619607693.558804, 79
1619607693.572727, 79
1619607693.586808, 79
1619607693.600656, 79
1619607693.614646, 79
1619607693.628573, 78
1619607693.642001, 79
1619607693.656499, 79
1619607693.670402, 79
1619607693.684902, 78
1619607693.699032, 81
1619607693.712786, 80
1619607693.726395, 80
1619607693.740284, 80
1619607693.754520, 81
1619607693.769063, 80
1619607693.782902, 80
1619607693.798521, 80
1619607693.812184, 81
1619607693.826025, 81
1619607693.839412, 80
1619607693.853792, 81
1619607693.868375, 81
1619607693.882632, 80
1619607693.896766, 79
1619607693.911376, 80
1619607693.925975, 80
1619607693.940574, 79
1619607693.954487, 80
1619607693.968555, 80
1619607693.982148, 79
1619607693.995680, 79
1619607694.009291, 80
1619607694.023197, 82
1619607694.037093, 82
1619607694.051019, 82
1619607694.065029, 81
1619607694.079295, 82
1619607694.093139, 82
1619607694.107628, 81
1619607694.122323, 81
1619607694.135984, 82
1619607694.150280, 81
1619607694.164256, 81
1619607694.178059, 80
1619607694.191920, 80
1619607694.207572, 81
1619607694.221925, 80
1619607694.235634, 80
1619607694.249122, 81
1619607694.262371, 80
1619607694.276081, 80
1619607694.290341, 81
1619607694.304168, 80
1619607694.318142, 82
1619607694.332609, 82
1619607694.346789, 81
1619607694.362512, 81
1619607694.377411, 81
1619607694.391140, 81
1619607694.405494, 82
1619607694.418693, 82
1619607694.433069, 82
1619607694.446388, 83
1619607694.459790, 82
1619607694.473930, 83
1619607694.488468, 82
1619607694.501901, 81
1619607694.516058, 81
1619607694.529291, 81
1619607694.542546, 82
1619607694.555999, 82
1619607694.569068, 81
1619607694.582689, 82
1619607694.596463, 81
1619607694.610158, 81
1619607694.624209, 82
1619607694.637432, 82
1619607694.651830, 82
1619607694.666601, 83
1619607694.680792, 83
1619607694.694115, 82
1619607694.708641, 82
1619607694.722129, 82
1619607694.736470, 82
1619607694.750403, 83
1619607694.764239, 83
1619607694.777199, 84
1619607694.790798, 83
1619607694.803770, 83
1619607694.817481, 82
1619607694.831126, 83
1619607694.844667, 84
1619607694.858974, 83
1619607694.873493, 82
1619607694.887965, 84
1619607694.901835, 83
1619607694.916243, 83
1619607694.929920, 82
1619607694.943318, 83
1619607694.956812, 83
1619607694.970145, 83
1619607694.983963, 83
1619607694.996687, 84
1619607695.011120, 84
1619607695.025706, 84
1619607695.040855, 82
1619607695.054581, 83
1619607695.068401, 85
1619607695.081705, 84
1619607695.095623, 84
1619607695.110710, 84
1619607695.124552, 83
1619607695.138171, 82
1619607695.151952, 82
1619607695.165256, 82
1619607695.178718, 82
1619607695.192015, 83
1619607695.206403, 83
1619607695.219959, 83
1619607695.234437, 83
1619607695.249017, 84
1619607695.264155, 83
1619607695.278865, 84
1619607695.292853, 83
1619607695.308010, 83
1619607695.321952, 84
1619607695.335913, 84
1619607695.349883, 84
1619607695.363958, 84
1619607695.377802, 84
1619607695.391837, 84
1619607695.405762, 83
1619607695.419668, 83
1619607695.434707, 84
1619607695.448577, 82
1619607695.461671, 82
1619607695.475609, 82
1619607695.489502, 83
1619607695.503484, 83
1619607695.517372, 84
1619607695.531575, 82
1619607695.546566, 83
1619607695.560323, 83
1619607695.575016, 84
1619607695.588950, 83
1619607695.602855, 85
1619607695.616062, 85
1619607695.629863, 85
1619607695.644028, 84
1619607695.658836, 85
1619607695.673616, 84
1619607695.686625, 84
1619607695.700558, 85
1619607695.713590, 85
1619607695.726700, 85
1619607695.740581, 84
1619607695.754490, 85
1619607695.768476, 84
1619607695.781475, 84
1619607695.795075, 83
1619607695.808647, 82
1619607695.821716, 83
1619607695.835068, 85
1619607695.849845, 83
1619607695.863992, 84
1619607695.877759, 84
1619607695.892670, 86
1619607695.906636, 85
1619607695.921476, 86
1619607695.935736, 86
1619607695.950507, 85
1619607695.965342, 85
1619607695.978385, 85
1619607695.992378, 85
1619607696.006286, 86
1619607696.021208, 85
1619607696.036174, 85
1619607696.050994, 85
1619607696.064982, 85
1619607696.080709, 85
1619607696.094653, 84
1619607696.108598, 83
1619607696.122545, 84
1619607696.137483, 85
1619607696.150498, 85
1619607696.165389, 85
1619607696.179608, 85
1619607696.193248, 85
1619607696.207231, 86
1619607696.222176, 86
1619607696.236320, 86
1619607696.249780, 85
1619607696.263999, 86
1619607696.278147, 86
1619607696.292218, 86
1619607696.305677, 87
1619607696.319815, 86
1619607696.333714, 86
1619607696.347427, 86
1619607696.361322, 87
1619607696.375488, 86
1619607696.389605, 86
1619607696.404038, 87
1619607696.418924, 85
1619607696.432948, 86
1619607696.446411, 85
1619607696.459546, 86
1619607696.473023, 85
1619607696.487128, 85
1619607696.500814, 85
1619607696.513866, 86
1619607696.527272, 86
1619607696.541438, 87
1619607696.555774, 86
1619607696.569177, 86
1619607696.582700, 88
1619607696.596763, 88
1619607696.610953, 86
1619607696.625063, 88
1619607696.639853, 87
1619607696.653313, 88
1619607696.667408, 87
1619607696.681562, 87
1619607696.695935, 88
1619607696.710482, 87
1619607696.723980, 87
1619607696.738760, 87
1619607696.754097, 87
1619607696.768090, 87
1619607696.782803, 86
1619607696.796706, 86
1619607696.810964, 87
1619607696.825393, 88
1619607696.839509, 87
1619607696.853621, 87
1619607696.867807, 88
1619607696.881923, 87
1619607696.895884, 88
1619607696.909350, 87
1619607696.923228, 88
1619607696.937926, 88
1619607696.951898, 88
1619607696.966315, 87
1619607696.980433, 88
1619607696.994590, 87
1619607697.008764, 89
1619607697.022890, 88
1619607697.037015, 88
1619607697.051162, 88
1619607697.064455, 88
1619607697.078098, 87
1619607697.090992, 88
1619607697.104247, 87
1619607697.117711, 87
1619607697.131850, 88
1619607697.146317, 86
1619607697.160790, 87
1619607697.174353, 89
1619607697.188502, 88
1619607697.202037, 89
1619607697.215751, 88
1619607697.229592, 89
1619607697.243076, 88
1619607697.257043, 89
1619607697.270739, 89
1619607697.284594, 89
1619607697.298774, 89
1619607697.312218, 88
1619607697.325683, 89
1619607697.339129, 88
1619607697.351780, 89
1619607697.364597, 88
1619607697.378149, 89
1619607697.391853, 87
1619607697.406525, 87
1619607697.420758, 88
1619607697.435451, 88
1619607697.448840, 87
1619607697.463023, 88
1619607697.477269, 89
1619607697.490938, 88
1619607697.506163, 89
1619607697.520048, 90
1619607697.533494, 90
1619607697.547396, 89
1619607697.561764, 90
1619607697.575030, 89
1619607697.588596, 89
1619607697.602141, 90
1619607697.615635, 89
1619607697.628403, 90
1619607697.641856, 90
1619607697.654879, 89
1619607697.668457, 90
1619607697.681882, 89
1619607697.695941, 89
1619607697.709662, 89
1619607697.724633, 88
1619607697.738343, 88
1619607697.752814, 89
1619607697.766632, 89
1619607697.780554, 90
1619607697.793714, 90
1619607697.807538, 90
161960769