201104	1
590703	1
613378	2
634778	2
634811	3
655534	3
655571	3
676637	4
676676	4
697328	4
697388	5
718530	5
740816	5
740871	5
762660	5
762695	5
784737	5
784757	5
806110	6
806130	6
828214	6
828264	6
850241	6
850297	6
871925	6
893756	6
915926	6
915950	6
915973	6
938195	6
938231	6
938233	6
959895	6
959948	6
982626	6
982705	6
1003918	6
1026039	6
1026091	6
1048182	6
1048192	5
1107046	1
1107121	1
1107127	1
1107132	1
1127941	1
1127978	1
1127981	1
1127983	1
1149760	1
1171738	2
1193728	2
1193764	3
1215989	3
1216035	3
1237187	4
1237225	4
1259538	4
1259593	4
1259597	5
1281917	5
1281964	5
1281968	5
1303332	5
1303352	6
1303353	6
1324083	6
1324123	6
1324126	6
1324127	6
1346473	6
1346528	6
1368402	6
1390473	6
1411889	7
1411944	7
1411948	7
1411950	7
1433957	7
1433993	7
1433996	7
1433998	8
1433999	8
1455962	8
1456012	8
1456016	8
1456019	8
1478121	8
1478171	9
1478174	9
1478177	9
1478180	9
1499959	9
1499979	9
1499980	9
1499981	9
1521308	9
1521342	9
1521363	9
1522383	8
1542568	8
1542578	8
1542580	7
1564389	7
1586510	7
1586531	7
1608559	7
1630567	7
1710353	1
1710409	1
1710415	1
1710420	1
1710425	1
1710432	1
1732585	1
1732631	1
1732634	1
1732637	1
1754752	1
1775601	2
1797386	2
1797398	3
1818433	3
1818453	3
1839896	4
1839945	4
1862149	4
1862198	4
1862202	5
1883900	5
1883938	5
1906357	5
1906412	5
1906441	5
1927408	5
1927464	5
1948439	5
1948494	6
1948497	6
1969399	6
1969448	6
1990862	6
1990902	6
2012194	6
2012204	5
2034334	5
2056264	6
2056301	6
2056304	6
2078123	6
2078162	6
2078165	6
2078167	7
2099364	7
2099403	7
2099405	7
2099407	7
2121576	7
2121635	7
2121638	6
2142655	6
2142707	6
2164584	6
2164619	6
2164622	6
2186077	6
2207829	6
2229962	6
2252156	6
2274522	6
2274583	6
2296450	6
2296493	7
2318556	7
2318577	7
2318578	7
2318579	7
2318580	7
2340170	7
2340208	7
2340229	7
2361218	7
2361269	7
2361273	8
2383169	8
2383209	8
2383212	8
2383214	8
2383216	8
2404198	8
2404234	8
2404236	9
2404238	9
2404240	9
2426201	9
2426251	9
2426255	9
2426258	9
2426261	9
2426264	9
2447917	10
2447977	10
2447981	10
2469836	10
2469874	10
2469876	10
2491857	11
2491895	11
2492222	11
2492226	11
2492228	11
2513815	11
2513838	11
2513840	11
2513840	11
2513841	12
2513842	12
2513843	12
2536073	12
2536113	12
2536117	12
2536119	12
2536121	12
2536123	12
2536124	12
2557847	12
2557889	13
2557892	13
2557894	13
2557896	13
2557898	13
2580185	13
2580193	12
2580196	11
2580197	10
2601970	10
2624137	10
2624180	10
2624184	10
2624187	10
2624189	10
2646062	10
2646096	10
2646119	10
2646121	9
2646123	8
2668078	8
2668112	9
2689783	9
2689818	9
2689820	9
2689822	9
2689824	9
2711543	9
2711563	9
2711564	10
2711565	10
2711566	10
2711630	10
2733570	10
2733590	10
2733591	10
2733592	10
2733593	10
2754853	11
2754872	11
2754873	11
2754874	11
2754875	11
2755306	11
2775718	11
2775738	11
2775740	11
2775741	11
2776734	11
2776784	11
2797767	11
2797774	10
2797776	9
2797777	8
2797808	8
2797811	7
2818679	7
2840745	8
2840766	8
2840767	8
2862804	8
2862824	8
2862834	8
2884822	8
2884830	8
2884832	7
3017512	1
3017570	1
3017576	1
3039674	1
3039721	1
3039725	1
3061935	2
3082531	2
3082564	3
3103840	3
3103859	3
3125783	4
3125803	4
3147966	4
3148003	4
3148005	5
3148007	5
3169968	5
3169991	5
3169992	5
3191989	6
3192028	6
3192031	6
3213038	6
3213065	6
3213078	6
3234258	6
3234281	6
3234282	6
3256186	6
3256245	7
3256248	7
3278217	7
3278275	7
3300142	7
3322325	7
3322374	7
3322378	7
3343740	7
3343761	8
3343763	8
3343764	8
3365019	8
3365066	8
3387236	8
3387305	8
3408975	8
3408985	8
3430455	8
3452459	8
3452494	8
3452497	8
3452499	8
3452501	9
3474696	9
3474715	9
3474716	9
3474717	9
3474718	9
3474719	9
3495753	9
3495799	9
3495833	9
3495836	8
3517765	8
3517771	8
3539533	8
3560682	8
3560724	8
3560754	8
3560756	7
3560758	6
3582129	6
3582185	7
3604006	7
3604027	7
3604028	7
3604029	7
3604030	7
3626344	7
3626364	8
3626365	8
3626366	8
3648250	8
3648301	8
3648338	8
3648341	7
3720967	1
3742677	1
3821734	1
3843247	1
3865053	2
3887255	2
3887296	3
3909144	3
3909180	3
3930263	4
3952180	4
3952229	4
3974247	4
4023024	1
4045260	1
4066216	2
4087858	2
4087898	3
4109176	3
4109196	3
4130300	4
4130355	4
4151805	5
4174053	5
4174074	5
4195235	5
4195271	6
4195274	6
4216567	6
4216602	6
4216605	6
4216607	7
4216609	7
4238638	7
4238673	7
4238676	7
4238678	7
4260026	7
4260083	7
4260111	7
4281232	6
4281242	5
4324636	1
4346471	1
4425264	1
4425321	1
4425327	1
4425334	1
4425338	1
4447776	1
4447823	1
4447826	1
4447829	1
4468572	1
4490285	2
4512133	2
4512168	3
4533274	3
4533315	3
4555193	3
4727577	1
4727612	1
4727615	1
4749590	1
4749599	1
4771544	2
4792968	2
4813919	3
4928740	1
4928795	1
4949815	1
4949822	1
4971001	2
4993063	2
5014871	2
5129941	1
5130001	1
5130007	1
5151054	1
5151086	1
5151087	1
5172696	2
5194134	2
5194152	3
5215640	3
5215676	3
5236950	3
5258920	3
5280062	3
5301931	3
5323888	4
5345866	4
5345903	5
5367126	5
5367163	5
5367166	5
5388698	5
5388717	6
5388718	6
5409772	6
5431151	6
5532698	1
5532742	1
5532747	1
5532750	1
5532754	1
5532757	1
5554147	1
5554154	1
5554156	1
5554158	1
5554160	1
5554162	1
5576231	2
5597306	2
5619442	2
5733873	1
5733930	1
5733938	1
5754932	1
5754952	1
5934998	1
5957328	1
5979505	2
6001292	2
6022364	2
6136944	1
6136981	1
6136983	1
6157628	1
6158215	1
6338346	1
6360486	1
6382789	2
6403833	2
6403869	3
6426386	3
6447649	3
6469492	3
6491291	3
6513031	3
6513052	3
6535338	4
6535375	4
6557943	4
6557963	4
6557965	5
6579636	5
6579673	5
6579676	5
6601647	5
6622920	5
6622968	5
6643737	5
6664960	5
6686305	6
6686323	6
6686325	6
6707620	6
6707662	6
6707666	6
6707668	7
6728789	7
6728849	7
6728853	7
6728856	7
6728859	7
6749855	7
6749874	8
6749875	8
6749876	8
6771834	8
6771852	8
6771854	8
6793791	8
6793798	7
6793800	6
6814888	6
6836582	6
6857919	6
6857927	7
6857928	7
6857929	7
6880198	7
6880246	7
6880250	7
6880253	7
6880255	8
6901735	8
6901756	8
6901757	8
6923615	8
6944973	8
6944983	7
6967089	7
6989249	7
7010309	7
7031545	7
7031569	7
7031573	8
7053273	8
7053284	8
7053298	8
7074359	8
7074366	8
7074368	7
7096348	7
7117074	7
7117082	7
7117083	7
7117084	7
7138282	7
7138291	8
7160345	8
7160361	8
7160377	8
7160379	7
7181353	7
7181362	7
7203569	7
7203582	7
7203584	7
7203586	7
7203588	7
7225560	8
7225568	8
7225569	8
7225570	8
7225571	8
7247196	8
7247215	8
7247218	8
7247220	9
7247805	9
7268602	9
7268611	9
7268612	9
7268613	9
7268614	9
7268615	9
7268616	10
7289357	10
7289369	10
7289371	10
7289374	10
7310379	10
7310397	10
7310400	10
7310421	10
7310424	9
7330711	9
7330726	9
7351998	10
7352011	10
7352014	10
7352015	10
7373420	10
7373440	10
7394690	10
7394699	10
7394702	9
7415678	9
7437694	9
7437708	9
7437711	9
7437713	9
7437714	9
7437716	10
7459684	10
7459693	10
7459694	10
7459704	10
7480716	10
7480724	10
7480726	9
7502744	9
7524768	9
7524782	9
7524784	9
7524786	9
7524788	9
7524790	9
7546801	9
7546819	9
7546841	9
7546843	8
7568775	8
7568789	9
7591164	9
7591180	9
7611770	9
7611781	8
7632854	8
7744345	1
7744393	1
7744399	1
7744402	1
7766512	1
7766536	1
7766539	1
7788751	2
7810751	2
7831837	3
7853004	3
7874948	3
7895871	3
7944996	1
7965982	1
7987194	2
8008952	3
8008964	3
8030087	3
8051952	4
8051962	4
8073558	4
8073567	5
8073568	5
8095404	5
8095428	5
8117297	5
8117365	5
8139371	4
8247179	1
8247237	1
8247243	1
8247247	1
8247252	1
8269076	1
8269113	1
8269115	1
8269117	1
8269118	1
8291153	1
8313135	2
8334234	2
8334269	3
8355071	3
8377512	4
8377562	4
8398342	4
8398361	5
8420064	5
8420098	5
8420100	5
8442100	5
8442119	6
8442120	6
8464101	6
8464122	6
8464123	6
8486255	6
8486337	6
8507598	6
8507616	6
8528133	6
8528152	7
8528153	7
8528154	7
8549287	7
8549338	7
8549341	7
8549344	8
8571224	8
8571244	8
8571246	8
8571247	8
8571247	8
8593375	8
8593412	8
8593415	9
8593417	9
8593418	9
8615137	9
8615198	9
8615202	9
8615205	9
8615207	9
8615210	9
8636516	10
8636533	10
8636535	10
8636535	10
8659077	10
8659097	10
8659112	10
8659113	9
8659114	8
8680643	8
8680675	8
8702521	8
8702542	8
8702543	9
8724547	9
8724583	9
8724586	9
8724588	9
8724590	9
8746725	9
8746774	9
8746778	10
8746780	10
8768782	10
8768838	10
8768868	10
8768871	9
8768874	8
8791121	8
8791142	8
8812695	8
8812717	8
8812719	8
8812720	8
8834452	9
8834488	9
8834490	9
8834492	9
8834494	9
8856526	9
8856575	9
8856579	9
8856581	9
8856584	10
8856587	10
8877688	10
8877739	10
8877743	10
8877745	10
8877748	10
8877750	10
8898981	10
8899139	10
8899142	10
8920508	10
8920908	9
8920911	8
9051208	1
9051250	1
9051255	1
9051259	1
9051262	1
9051266	1
9051269	1
9051272	1
9072785	1
9072793	1
9072795	1
9072825	1
9072827	1
9072829	1
9095346	1
9116326	2
9137692	3
9159847	3
9159899	3
9181187	4
9181208	4
9352566	1
9352598	1
9352600	1
9373974	1
9374008	1
9553204	1
9575253	1
9597450	2
9619346	2
9619366	3
9641314	3
9641333	3
9662107	4
9682983	4
9683079	4
9683083	5
9704055	5
9704081	5
9726592	5
9855124	1
9855170	1
9855175	1
9855179	1
9855183	1
9876748	1
9876801	1
9876804	1
9876807	1
9898363	1
9920165	2
9942668	2
9942717	3
9964393	3
9986362	4
9986398	4
10008687	4
10008739	4
10008742	5
10030479	5
10030515	5
10051422	5
10051484	6
10051563	6
10073455	6
10073474	6
10073476	6
10095541	7
10095581	7
10095583	7
10117764	7
10117817	7
10117821	7
10117824	8
10117826	8
10139457	8
10139478	8
10139480	8
10139481	8
10161295	8
10161316	9
10161318	9
10161319	9
10182426	9
10182481	9
10182484	9
10182487	9
10182489	9
10182492	10
10203469	10
10203505	10
10203508	10
10203537	10
10203539	9
10225363	9
10225384	9
10246716	9
10246768	9
10246772	9
10246775	9
10246778	9
10246781	10
10246784	10
10267635	10
10267655	10
10267656	10
10267670	10
10288681	10
10288689	10
10288691	9
10358663	1
10358719	1
10380540	1
10380578	1
10401736	2
10423587	3
10445711	3
10467829	4
10467879	4
10489626	4
10489647	4
10511824	4
10511905	4
10532985	4
10533037	4
10554883	5
10554901	5
10554903	5
10576927	5
10576962	5
10576965	6
10598084	6
10598120	6
10598123	6
10619910	6
10619946	7
10619949	7
10641865	7
10641887	7
10641888	7
10641889	7
10641890	8
10663007	8
10663071	8
10684031	8
10684072	8
10684096	8
10706076	8
10706081	8
10727340	8
10749403	8
10749452	8
10771654	8
10771701	8
10771735	8
10793399	8
10793407	8
10815456	8
10837517	8
10837566	8
10837590	8
10837593	7
10859682	7
10859739	8
10881685	8
10881735	8
10881739	8
10903072	8
10903081	7
10903084	6
10961681	1
10961727	1
10961731	1
10961735	1
10983328	1
10983364	1
10983366	1
10983368	1
11005418	1
11163403	1
11184892	1
11206996	2
11229073	3
11250146	3
11364589	1
11364649	1
11364655	1
11385950	1
11386465	1
11386466	1
11566223	1
11588207	1
11610780	2
11632329	2
11632352	3
11654400	3
11654440	3
11676397	3
11698553	3
11720702	3
11742579	3
11764500	4
11764552	4
11785806	4
11785843	5
11807824	5
11807859	5
11829817	5
11852002	5
11873807	5
11895659	5
11916720	5
11916771	5
11916774	5
11938738	5
11938778	5
11960887	5
11960893	4
11982939	4
12170521	1
12170579	1
12170585	1
12193092	1
12193098	1
12371816	1
12393945	1
12415213	2
12436928	2
12436966	3
12458989	3
12459059	3
12480011	4
12480056	4
12501977	4
12502015	4
12502017	5
12523996	5
12524034	5
12524037	5
12545919	5
12545942	6
12568001	6
12568036	6
12589977	6
12590014	6
12612061	6
12612135	6
12672874	1
12672910	1
12695305	1
12695312	1
12773280	1
12773326	1
12795197	1
12816218	2
12838038	2
12838075	3
12860279	3
12974826	1
12974875	1
12974879	1
12996964	1
12996974	1
13018980	2
13039989	2
13040008	3
13061893	3
13061914	3
13082954	4
13104097	4
13126142	4
13277276	1
13277336	1
13277344	1
13277349	1
13277353	1
13298762	1
13298814	1
13298816	1
13298818	1
13319764	1
13341875	2
13362872	2
13384892	2
13478547	1
13478582	1
13478584	1
13499947	1
13499998	1
13500001	1
13521471	2
13543464	2
13565533	3
13680177	1
13680239	1
13702100	1
13702147	1
13724095	2
13746149	2
13767334	3
13789320	3
13789340	4
13810911	4
13810950	4
13810953	4
13832560	5
13832581	5
13832583	5
13854630	6
13876587	6
13876607	6
13876608	6
13898028	6
13898066	6
13898085	6
13919670	6
13919681	6
13919683	6
13941746	6
13941765	6
13963933	6
13963940	5
13985851	5
14006617	5
14028226	6
14028248	6
14028249	6
14049842	6
14049863	6
14049864	6
14049865	7
14071167	7
14071220	7
14071223	7
14092382	7
14092390	6
14114674	6
14136005	6
14157343	6
14157363	6
14157364	6
14157365	6
14179123	7
14179189	7
14179193	7
14179195	7
14201129	7
14201179	7
14201202	7
14201205	6
14223024	5
14284246	1
14284307	1
14284313	1
14284318	1
14284326	1
14305670	1
14305689	1
14305690	1
14327259	2
14348454	2
14348504	3
14369636	3
14391491	3
14391525	3
14413606	3
14435810	3
14457143	3
14457162	4
14500088	4
14500136	4
14522586	4
14522625	4
14585823	1
14686905	1
14686993	1
14687001	1
14708626	1
15088569	1
15110366	1
15131973	2
15153004	2
15174818	3
15196913	3
15196934	4
15218138	4
15218181	4
15218184	4
15239161	4
15390252	1
15390317	1
15390323	1
15390328	1
15411576	1
15411584	1
15411586	1
15411588	1
15591489	1
15612803	1
15792923	1
15813599	1
15834434	2
15856077	2
15856085	3
15878183	3
15878193	3
15899981	4
15899992	4
15921773	4
15921784	4
15921785	5
15943894	5
15943905	5
15965867	5
16094962	1
16095014	1
16095020	1
16095023	1
16095027	1
16117026	1
16117034	1
16117036	1
16117038	1
16138921	2
16160992	2
16161002	3
16183008	3
16183046	3
16205003	4
16205014	4
16227024	4
16227036	4
16249002	5
16249013	5
16271026	5
16271036	5
16271037	6
16293171	6
16293183	6
16293184	6
16293184	6
16315160	6
16315180	7
16315183	7
16315185	7
16337091	7
16337105	7
16337107	7
16337109	8
16359087	8
16359102	8
16359104	8
16359106	8
16359108	8
16381091	8
16381107	8
16381109	9
16381111	9
16381113	9
16403086	9
16403097	9
16403098	9
16403098	9
16403099	9
16403100	9
16425120	10
16425135	10
16425716	10
16425719	10
16447178	10
16447218	10
16447249	10
16447251	9
16447254	8
16447255	7
16447257	7
16469138	7
16469176	7
16491170	7
16491208	8
16491211	8
16491213	8
16491215	8
16513114	8
16513139	8
16513140	8
16513141	9
16535127	9
16535153	9
16535154	9
16535176	9
16535177	8
16557157	8
16557181	8
16557182	8
16579244	8
16579301	8
16579305	8
16579308	8
16579310	9
16601601	9
16601636	9
16601639	9
16601641	9
16601643	9
16601644	9
16623210	9
16623248	9
16623251	10
16623253	10
16623255	10
16623257	10
16644287	10
16644308	10
16644309	10
16644310	10
16644311	10
16644312	10
16665147	11
16665169	11
16665170	11
16665188	11
16687201	11
16687245	11
16687248	11
16709164	11
16709184	11
16709198	11
16709199	10
16709200	9
16709201	8
16799125	1
16799171	1
16799176	1
16799179	1
16799183	1
16799187	1
16799190	1
16821151	1
16821156	1
16821157	1
16821158	1
16821159	1
16821160	1
16900158	1
16922204	1
16944210	2
16966256	2
16966293	3
16987411	3
16987494	3
17008445	4
17030327	4
17051544	4
17073489	4
17095649	4
17203212	1
17203252	1
17203669	1
17203674	1
17225318	1
17225357	1
17247379	2
17269350	2
17269392	3
17290908	3
17290927	3
17313352	4
17313401	4
17335336	4
17335360	4
17335362	5
17357304	5
17357340	5
17379307	5
17506562	1
17506609	1
17506613	1
17506617	1
17506620	1
17528476	1
17528484	1
17528485	1
17528487	1
17550388	2
17572388	2
17594357	3
17616394	4
17638364	4
17638386	4
17659677	4
17681442	4
17703410	4
17725419	4
17746431	4
17767492	4
17767545	5
17767549	5
17789386	5
17789422	5
17811476	5
17811525	5
17833556	5
17855461	5
17877413	5
17877436	6
17877438	6
17899489	6
17899510	6
17899511	6
17921579	6
17942730	6
17964465	6
17986553	6
17986606	6
17986610	6
17986613	7
18008375	7
18008398	7
18008399	7
18008400	7
18030833	7
18030840	6
18030842	5
18052569	5
18074241	5
18074278	5
18074280	6
18096646	6
18096701	6
18096705	6
18096707	6
18118611	6
18118664	7
18118667	7
18118670	7
18139836	7
18139861	7
18139862	7
18139863	8
18161512	8
18161530	8
18161531	8
18161544	8
18182642	8
18182699	8
18182703	8
18204626	8
18204674	8
18204677	8
18204707	8
18226530	8
18226550	8
18247902	8
18247989	8
18247993	7
18269591	7
18291554	7
18313576	7
18313598	8
18313599	8
18313600	8
18335649	8
18335697	8
18335701	8
18335703	8
18335706	9
18357556	9
18357578	9
18357579	9
18357580	9
18357594	9
18379622	9
18379644	9
18401620	9
18401659	9
18401677	9
18401679	8
18423591	8
18445595	8
18445634	8
18445636	8
18445638	9
18467660	9
18467701	9
18467703	9
18489647	9
18489655	8
18489657	7
18511697	7
18533657	7
18533697	7
18533700	7
18533702	7
18533703	7
18555678	8
18555717	8
18555720	8
18555721	8
18555723	8
18577617	8
18577642	8
18577643	8
18577653	8
18599663	8
18599700	8
18599703	8
18621707	8
18621772	8
18621776	7
18643672	7
18643699	8
18665659	8
18665696	8
18665699	8
18665701	8
18665703	8
18686956	8
18686997	8
18687000	9
18687002	9
18687004	9
18708049	9
18708073	9
18708075	9
18708075	9
18729743	9
18729751	8
18729753	7
18750748	7
18772694	7
18794673	7
18794699	7
18794700	8
18794701	8
18794702	8
18816732	8
18816769	8
18816772	8
18816774	8
18816776	8
18837938	9
18837975	9
18837978	9
18838298	9
18838300	9
18858815	9
18858827	9
18858829	9
18858831	9
18858833	10
18858835	10
18858837	10
18880027	10
18880042	10
18880045	10
18880048	10
18880051	10
18880053	10
18901779	10
18901798	10
18901816	10
18901819	9
18901822	8
18923766	7
18923775	7
19019076	1
19019128	1
19019134	1
19019139	1
19019144	1
19019148	1
19019153	1
19019158	1
19040769	1
19040783	1
19040785	1
19040787	1
19040789	1
19040790	1
19040792	1
19040794	1
19062788	1
19084787	2
19106759	3
19128752	3
19220762	1
19220820	1
19242736	1
19321798	1
19343803	1
19364965	2
19387085	2
19387102	3
19408987	3
19408997	3
19431010	4
19523777	1
19624990	1
19625077	1
19647098	1
19647111	1
19826370	1
20229145	1
20250488	1
20271984	2
20294188	2
20294197	3
20316304	3
20316315	3
20338698	4
20431412	1
20453663	1
20531723	1
20531759	1
20552659	1
20552672	1
20574422	2
20595796	2
20595806	3
20732560	1
20732620	1
20753917	1
20774991	2
20796701	2
20796718	3
20933906	1
20933944	1
20955263	1
20955271	1
20976525	2
20998244	2
20998259	3
21135331	1
21135391	1
21157476	1
21179363	2
21201428	2
21201445	3
21223446	3
21223462	3
21245456	4
21245471	4
21267614	4
21267637	4
21267641	5
21289639	5
21289649	5
21289650	5
21311354	5
21311366	6
21311367	6
21333495	6
21333511	6
21333513	6
21355546	7
21355622	7
21355623	7
21376355	7
21376364	7
21376365	7
21376366	7
21376367	8
21397512	8
21397523	8
21397524	8
21397526	8
21419186	8
21419198	8
21419200	9
21419201	9
21441009	9
21441019	9
21441020	9
21441021	9
21441022	9
21441023	9
21462106	10
21462116	10
21462117	10
21462118	10
21462120	10
21462120	10
21483146	10
21483160	10
21483163	10
21483165	10
21483167	11
21483169	11
21505071	11
21505087	11
21505114	11
21505117	10
21505118	9
21526341	9
21526347	9
21526349	8
21548069	8
21570032	8
21570057	8
21570059	8
21570060	8
21570060	8
21591860	8
21591868	9
21591868	9
21614094	9
21614126	9
21614127	8
21614128	7
21635297	7
21656662	7
21656681	7
21656692	7
21678816	7
21678821	7
21738661	1
21738708	1
21760661	1
21760666	1
21838975	1
21839021	1
21859450	1
21859469	1
22040005	1
22060930	1
22083091	2
22105011	2
22105192	3
22127048	3
22127088	3
22147615	4
22148052	4
22169377	4
22169429	4
22169432	5
22169435	5
22191612	5
22191661	5
22213493	5
22213504	4
22340665	1
22340704	1
22340707	1
22340708	1
22340710	1
22362117	1
22362170	1
22362173	1
22383846	2
22541774	1
22541832	1
22564031	1
22564041	1
22585294	2
22606157	3
22628115	3
22628134	3
22650240	4
22650290	4
22672318	4
22672370	4
22672374	5
22694347	5
22694385	5
22843256	1
22843317	1
22843325	1
22865267	1
22865278	1
22887305	2
22908874	2
23044333	1
23044393	1
23066195	1
23066203	1
23087830	2
23108791	2
23130968	2
23245108	1
23245157	1
23245161	1
23267203	1
23267244	1
23267246	1
23289697	2
23311534	2
23311554	3
23332057	3
23332108	3
23353968	4
23353992	4
23375586	4
23375609	4
23375610	5
23396955	5
23397006	5
23417888	5
23440004	5
23546076	1
23546136	1
23546142	1
23546149	1
23546154	1
23567489	1
23567510	1
23567512	1
23567515	1
23589261	1
23610232	2
23631167	2
23631179	3
23651985	3
23673987	3
23747193	1
23747250	1
23768421	1
23768430	1
23848305	1
23869856	1
23891231	2
23913231	2
23913241	3
23934817	3
23934834	3
23955885	4
23955900	4
23977285	4
23977299	4
23977301	5
23998968	5
23998985	5
24020199	5
24020224	6
24042352	6
24063977	6
24064015	7
24086011	7
24086031	7
24086033	7
24086033	7
24107980	7
24108002	8
24108003	8
24108004	8
24108005	8
24130146	8
24130202	8
24130206	8
24130209	9
24152283	9
24152302	9
24152304	9
24152304	9
24152305	9
24174343	9
24174384	9
24174386	10
24174388	10
24174390	10
24196295	10
24196318	10
24196319	9
24196320	8
24217737	8
24239273	8
24239323	8
24239354	8
24239357	7
24261346	7
24261386	7
24283408	7
24283444	7
24283446	7
24305079	7
24305112	7
24305113	6
24326641	6
24326664	6
24348138	7
24348185	7
24348188	7
24348191	7
24370911	7
24370920	7
24370921	8
24391890	8
24391912	8
24391914	8
24391914	8
24413934	8
24413940	7
24435981	7
24457919	7
24478555	7
24478576	7
24478577	7
24499577	7
24499644	7
24499647	6
24521749	5
24653368	1
24653417	1
24653421	1
24653426	1
24653429	1
24653433	1
24653436	1
24675389	1
24675394	1
24675395	1
24675396	1
25055133	1
25055181	1
25055592	1
25055595	1
25055596	1
25076656	1
25076691	1
25076694	1
25098455	2
25120251	2
25120260	3
25142347	3
25142367	3
25164290	4
25164311	4
25186148	4
25186185	5
25208144	5
25208182	5
25208185	5
25230336	5
25230356	6
25230358	6
25251733	6
25251773	6
25251776	6
25272901	7
25272952	7
25272956	7
25272958	7
25294437	7
25294457	7
25294458	7
25294459	8
25316148	8
25316168	8
25316169	8
25316170	8
25337975	8
25359440	8
25458135	1
25458192	1
25479416	1
25501167	2
25523143	2
25659392	1
25659449	1
25659457	1
25681550	1
25702686	2
25723666	2
25745215	2
25860701	1
25860747	1
25860751	1
25882824	1
25882873	1
25903790	2
25925882	2
25925921	3
25947595	3
25947621	3
25969942	4
25969991	4
25991786	4
25991806	5
26013793	5
26013817	5
26035868	5
26035891	5
26056969	5
26057050	5
26078268	5
26078288	5
26100208	5
26100245	5
26121316	5
26121324	4
26263416	1
26263477	1
26263483	1
26263488	1
26263492	1
26284734	1
26284752	1
26284754	1
26284757	1
26284759	1
26306855	1
26327720	2
26349474	3
26371540	3
26371548	3
26392980	4
26414648	4
26415012	4
26436355	4
26458265	4
26480106	4
26502115	4
26523948	5
26523961	5
26523962	5
26545970	5
26545980	5
26545981	6
26567039	6
26567053	6
26567055	6
26589312	6
26589319	5
26611062	5
26631752	5
26631840	5
26631843	5
26653525	6
26653538	6
26675543	6
26675564	6
26675565	5
26697627	5
26719339	5
26719354	5
26719369	5
26741224	5
26741237	5
26763173	5
26763186	5
26763187	5
26785198	6
26807173	6
26807183	6
26829229	6
26829238	5
26850239	5
26968187	1
26968238	1
26968245	1
26968250	1
26988838	1
26988848	1
26988849	1
27169791	1
27191638	1
27213629	2
27235183	2
27235200	3
27257096	3
27257105	3
27278386	4
27299846	4
27299863	4
27299866	5
27321794	5
27321834	5
27343610	5
27364872	5
27386605	5
27386656	5
27408108	5
27408139	5
27470954	1
27571943	1
27571988	1
27571993	1
27571996	1
27593109	1
27593113	1
27593114	1
27872818	1
27895084	1
28074462	1
28095590	1
28116993	2
28138461	2
28160115	2
28181169	2
28275547	1
28275607	1
28275613	1
28297386	1
28297393	1
28319302	2
28341097	2
28341106	3
28362114	3
28362124	3
28384081	4
28384250	4
28406104	4
28406113	4
28406115	5
28428122	5
28449816	5
28449833	5
28471815	5
28577155	1
28577212	1
28577218	1
28577223	1
28577227	1
28598480	1
28598505	1
28598508	1
28620205	2
28641274	2
28641284	3
28662389	3
28662402	3
28683906	4
28683916	4
28704871	4
28704885	4
28704888	5
28727009	5
28727022	5
28748952	5
28748960	4
28771120	4
28792440	4
28792459	4
28792462	4
28814018	5
28814031	5
28835804	5
28835821	5
28835824	6
28857714	6
28857725	6
28857741	6
28879133	6
28879145	6
28900832	6
28900883	6
28900887	5
28922725	5
28922738	5
28943974	5
28943988	5
28943990	5
28965168	6
28986117	6
28986133	6
28986155	6
29007310	6
29007334	6
29028432	6
29028619	7
29028622	7
29028623	7
29050502	7
29050516	7
29050542	7
29071925	7
29071940	7
29071942	7
29093824	7
29093833	7
29093847	7
29115782	7
29115788	7
29137759	7
29160069	7
29160094	7
29160130	7
29182052	7
29182061	7
29182062	7
29203207	8
29203231	8
29203234	8
29203237	8
29203240	8
29223752	8
29223772	8
29223775	8
29223778	8
29244946	8
29244951	7
29244952	6
29266666	6
29288656	7
29288675	7
29288678	7
29288681	7
29310235	7
29310244	7
29310245	7
29310246	8
29310247	8
29332201	8
29332215	8
29354357	8
29354407	8
29375831	8
29375840	8
29397305	8
29418901	8
29440370	8
29440389	8
29440391	8
29440392	8
29462260	9
29462281	9
29462282	9
29462283	9
29505304	9
29505323	9
29505324	9
29505325	9
29505326	10
29527218	10
29527239	10
29527240	10
29527241	10
29527242	10
29527243	10
29549141	10
29549197	10
29549200	10
29549231	10
29549234	9
29571056	9
29571075	9
29571077	10
29571078	10
29593106	10
29593143	10
29593146	10
29593148	10
29593149	10
29614216	10
29614255	10
29614257	9
29614259	8
29614261	7
29636097	7
29658192	8
29658206	8
29658209	8
29658211	8
29679855	8
29679869	8
29679898	8
29701923	8
29701932	8
29724002	8
29724021	8
29724024	8
29744893	8
29744920	8
29744921	7
29767060	7
29767083	8
29788269	8
29788285	8
29788287	8
29810381	8
29810391	7
29886204	1
29886270	1
29886276	1
29907680	1
29907693	1
29907696	1
29986756	1
29986789	1
29986791	1
30008142	1
30008170	1
30008173	1
30030000	2
30052100	2
30073763	2
30095888	2
30187889	1
30187931	1
30187935	1
30209160	1
30209168	1
30209169	1
30231205	2
30253245	2
30253262	3
30273948	3
30273957	3
30295999	4
30317778	4
30389134	1
30410059	1
30489528	1
30489566	1
30489568	1
30511606	1
30511612	1
30891481	1
30913190	1
30935546	2
30956958	2
30956980	3
30978986	3
31092434	1
31092480	1
31092485	1
31114310	1
31114318	1
31135984	2
31157049	3
31178980	3
31178989	3
31200970	4
31223190	4
31223211	4
31245515	4
31267609	4
31289745	4
31289769	4
31311809	4
31311827	4
31393626	1
31393672	1
31393676	1
31415131	1
31415143	1
31415145	1
31594954	1
31617158	1
31638449	2
31659980	2
31659992	3
31682318	3
31703220	4
31724384	4
31724402	4
31746130	5
31746138	5
31746139	5
31768181	5
31768193	5
31768194	6
31790161	6
31790180	6
31790184	6
31812216	6
31812274	6
31834306	6
31834312	6
31856242	6
31878177	6
31878186	6
31878187	6
31878188	7
31900224	7
31922068	7
31944413	7
31997009	1
31997068	1
31997075	1
31997080	1
31997085	1
32019174	1
32019311	1
32019313	1
32019317	1
32040240	1
32040793	2
32062190	2
32062200	3
32084262	3
32084271	3
32106016	4
32106041	4
32128017	4
32128026	4
32150006	4
32150039	4
32171310	4
32171330	4
32193071	5
32193080	5
32193081	5
32215062	5
32215070	5
32215071	6
32237224	6
32237243	6
32237246	6
32237249	6
32259083	6
32259093	6
32259106	6
32281112	6
32281124	6
32281127	7
32303140	7
32303149	7
32303150	7
32303151	7
32303152	7
32324070	7
32324089	8
32324092	8
32324095	8
32324097	8
32345947	8
32345957	8
32345958	8
32345959	8
32366706	8
32366712	7
32366712	6
32388768	6
32410303	7
32410318	7
32432179	7
32432188	7
32453411	7
32475486	7
32497457	7
32519673	7
32541667	7
32541675	7
32541677	8
32541678	8
32541678	8
32563524	8
32563538	8
32563540	8
32563542	8
32584822	8
32584828	7
32606889	7
32628804	7
32628813	7
32628814	8
32628815	8
32650820	8
32650845	8
32672813	8
32672827	8
32672829	8
32694055	8
32694065	8
32694065	8
32694079	8
32716093	8
32716101	8
32716103	8
32716103	8
32737074	8
32737087	9
32737089	9
32758259	9
32758281	9
32758312	9
32758315	8
32780087	8
32780092	8
32902854	1
32902899	1
32902903	1
32902907	1
32902913	1
32923760	1
32923770	1
32923771	1
32923772	1
32945751	1
32967083	2
32988202	2
32988215	3
33009367	3
33031425	4
33031436	4
33053494	4
33053516	4
33053519	5
33075752	5
33075769	5
33098727	5
33098733	4
33120452	4
33142005	4
33142027	4
33142028	4
33163979	4
33304739	1
33304799	1
33304805	1
33304810	1
33325913	1
33325923	1
33325926	1
33325929	1
33347065	2
33368446	2
33368466	3
33390451	3
33390468	3
33412087	4
33412097	4
33433338	4
33433346	5
33455154	5
33455167	5
33476341	5
33476360	6
33498147	6
33498159	6
33498162	6
33519716	6
33519735	6
33519755	6
33540090	6
33540109	6
33562129	6
33562149	6
33562170	6
33583192	6
33583204	7
33583206	7
33605031	7
33605041	7
33605051	7
33605052	6
33706415	1
33706472	1
33706478	1
33706483	1
33706488	1
33706492	1
33727392	1
33727396	1
33727397	1
33727398	1
33727399	1
33749142	2
33771203	2
33771237	3
33793171	3
33814458	4
33814479	4
33835512	4
33835530	4
33835532	5
33856679	5
33856688	5
33856689	5
33878711	5
33878720	6
33899607	6
33899787	6
33899789	6
33921032	6
33921054	7
33921055	7
33942860	7
33942909	7
33942940	7
33942943	6
33964470	6
33986069	6
33986090	6
33986091	6
33986092	6
34008287	7
34008322	7
34008325	7
34030461	7
34030515	7
34030518	6
34051604	6
34051658	6
34073197	6
34073232	6
34073235	6
34073237	7
34095189	7
34095221	7
34095224	7
34095226	7
34117652	7
34117707	7
34117735	7
34117739	6
34139604	5
34211312	1
34211371	1
34211379	1
34211383	1
34211388	1
34233489	1
34233523	1
34233526	1
34233527	1
34233529	1
34413224	1
34435142	1
34457276	2
34478701	2
34478739	3
34499986	3
34500005	3
34520731	4
34520752	4
34542006	4
34563240	4
34585082	4
34714746	1
34714803	1
34714808	1
34714814	1
34714819	1
34736336	1
34736388	1
34736391	1
34736394	1
34757292	1
34779288	2
34801357	2
34801395	3
34822383	3
34822423	3
34843419	4
34843452	4
34864629	4
34886540	4
34908580	4
35016091	1
35016157	1
35016163	1
35016168	1
35016173	1
35038228	1
35038237	1
35038240	1
35038243	1
35038289	1
35060272	2
35081457	2
35081477	3
35103633	3
35103684	3
35126245	4
35126532	4
35147980	4
35147988	4
35169285	4
35191697	4
35212876	4
35212889	4
35212891	5
35234870	5
35234905	5
35257206	5
35257228	5
35278310	5
35278364	5
35300104	5
35300139	6
35322088	6
35322126	6
35322129	6
35322131	6
35342625	6
35342635	7
35342636	7
35364727	7
35364782	7
35364813	7
35364816	6
35386277	6
35386315	6
35408222	6
35408277	6
35430213	6
35430219	5
35451482	5
35472507	5
35493606	5
35493627	5
35493848	6
35515212	6
35515231	6
35515232	6
35515233	6
35537672	6
35537731	6
35537734	5
35558578	5
35558616	5
35580607	6
35580641	6
35602645	6
35602699	6
35624312	6
35624322	6
35644703	6
35666580	6
35666632	6
35666636	6
35666639	6
35688200	6
35688253	7
35688256	7
35688259	7
35709602	7
35709653	7
35709657	7
35709659	7
35709662	8
35730764	8
35730799	8
35730801	8
35730803	8
35730805	8
35752329	8
35752363	8
35752366	9
35752368	9
35752369	9
35773344	9
35773382	9
35773405	9
35773408	8
35794612	8
35794632	8
35816241	8
35837542	8
35837580	8
35858941	8
35880937	8
35902556	8
35924396	8
35924416	8
35924417	8
35924418	9
35924419	9
35946525	9
35946564	9
35946567	9
35946569	9
35946571	9
35946573	9
35946574	9
35946576	10
35968528	10
35968565	10
35968568	10
35968569	10
35968589	10
35989537	10
35989560	10
35989561	10
35989562	10
36011643	10
36011687	10
36011726	10
36011729	9
36011731	8
36011734	7
36032686	7
36032720	7
36054333	8
36054372	8
36076348	8
36076381	8
36097914	8
36097921	8
36119966	8
36141484	8
36163177	8
36163198	8
36163199	8
36185080	8
36185101	8
36185115	8
36185116	7
36206239	7
36206249	7
36227764	7
36249849	7
36249868	7
36249869	7
36249870	8
36249871	8
36271058	8
36271097	8
36271100	8
36271101	8
36291974	8
36292055	8
36292060	7
36313923	7
36336058	7
36336099	8
36336102	8
36336104	8
36357349	8
36357385	8
36357388	8
36357390	8
36357391	8
36379571	9
36379608	9
36379611	9
36379613	9
36401233	9
36401268	9
36401270	9
36401272	9
36401274	9
36422939	9
36422949	8
36422951	7
36422954	6
36526357	1
36526447	1
36526453	1
36526459	1
36526465	1
36526470	1
36526474	1
36548367	1
36548402	1
36548405	1
36548406	1
36548408	1
36548410	1
36569684	1
36727388	1
36749156	1
36771538	2
36793266	2
36793304	3
36814957	3
36836901	4
36858595	4
36858650	4
36880606	5
36880628	5
36902110	5
36923419	5
36945334	5
36967369	5
37029379	1
37029437	1
37029443	1
37029448	1
37029452	1
37050816	1
37050849	1
37050851	1
37071989	2
37093053	2
37115137	2
37230082	1
37230163	1
37230169	1
37252237	1
37252275	1
37252277	1
37272876	2
37293831	2
37293867	3
37315901	3
37338223	3
37360358	3
37432149	1
37432194	1
37432198	1
37454708	1
37454759	1
37476258	2
37498072	2
37634176	1
37634237	1
37654908	1
37654964	1
37676067	2
37697902	3
37720231	3
37720283	3
37742836	4
37742886	4
37764745	4
37764765	4
37764767	5
37786440	5
37786478	5
37808056	5
37808111	5
37808141	5
37829593	5
37850255	5
37850274	6
37872089	6
37872110	6
37872111	6
37872112	6
37893339	6
37893360	7
37893361	7
37914394	7
37914414	7
37914415	7
37914416	7
37914417	8
37936291	8
37936325	8
37936328	8
37936330	8
37936331	8
37957316	8
37957354	8
37957357	9
37957359	9
37957361	9
37978851	9
37978901	9
37978905	9
37978907	9
37978910	9
37979410	9
37999911	10
37999931	10
37999932	10
37999933	10
38021363	10
38021390	10
38042402	11
38042459	11
38042462	11
38064009	11
38064013	10
38064014	9
38085983	9
38137165	1
38137210	1
38137215	1
38137218	1
38137223	1
38137227	1
38158730	1
38158784	1
38158787	1
38158790	1
38180457	1
38338984	1
38361390	1
38540114	1
38944625	1
38965878	1
38988074	2
39009797	2
39032302	2
39054352	2
39145400	1
39145449	1
39145454	1
39166701	1
39166737	1
39166739	1
39346522	1
39368617	1
39390415	2
39412710	2
39412723	3
39435052	3
39456806	3
39547425	1
39547484	1
39547490	1
39569506	1
39569516	1
39569518	1
39648296	1
39670220	1
39691793	2
39713525	2
39713539	3
39735547	3
39735559	3
39757898	4
39757916	4
39779608	4
39779622	4
39779624	5
39801629	5
39801642	5
39801644	5
39822722	5
39822738	6
39822740	6
39843451	6
39843464	6
39843466	6
39865840	6
39865848	5
39887556	5
39909364	5
39909383	5
39909386	6
39930663	6
39930676	6
39930678	6
39952019	6
39952031	7
39952033	7
39973124	7
39973139	7
39973142	7
39973145	7
39973147	8
39994350	8
39994747	8
39994770	8
40015850	8
40015859	8
40037470	8
40037485	8
40037487	8
40037489	8
40037491	8
40059347	8
40059364	9
40059366	9
40080945	9
40080981	9
40103037	9
40103053	9
40124097	9
40124110	9
40124112	9
40124114	9
40124116	9
40144537	9
40144545	9
40144555	9
40144755	8
40166425	8
40166430	8
40166431	7
40188079	7
40210511	7
40210524	7
40210540	7
40210543	6
40232061	6
40232069	7
40253451	7
40253470	7
40253489	7
40274466	7
40274471	7
40274472	6
40295488	6
40317096	6
40338931	6
40360016	6
40453956	1
40454017	1
40454026	1
40454030	1
40454035	1
40454039	1
40475926	1
40475931	1
40475931	1
40554427	1
40576310	1
40856031	1
40856120	1
40856127	1
40878107	1
40878148	1
40899269	2
40921205	2
40921255	3
40942366	3
40942408	3
40963433	4
40963447	4
40985406	4
40985445	4
40985448	5
41006748	5
41006771	5
41006773	5
41027940	5
41027990	6
41027994	6
41049733	6
41049754	6
41049756	6
41049756	6
41071249	7
41071292	7
41071294	7
41093370	7
41093406	7
41093408	7
41114973	7
41115033	7
41115036	6
41136985	6
41137023	7
41159316	7
41159721	7
41159725	7
41159728	7
41159730	7
41181108	7
41181159	8
41181401	8
41181407	8
41203022	8
41203060	8
41203061	8
41203062	9
41203063	9
41225188	9
41225209	9
41225210	9
41225211	9
41225212	9
41225214	9
41246511	10
41246560	10
41246563	10
41246566	10
41246569	10
41268209	10
41268228	10
41268229	10
41268230	10
41268231	10
41290399	11
41290447	11
41290450	11
41290453	11
41290880	11
41290924	11
41312197	11
41312236	11
41312239	11
41312241	11
41312243	12
41312245	12
41312247	12
41312249	12
41312252	12
41334118	12
41334155	12
41334158	12
41334160	12
41334162	13
41355940	13
41355996	13
41356000	13
41356003	13
41356005	13
41356008	13
41356011	13
41377792	13
41377813	13
41377814	13
41377815	14
41377816	14
41377817	14
41377817	14
41398822	14
41398844	14
41398845	14
41398846	14
41398847	14
41398848	14
41398849	14
41398850	14
41420092	14
41420111	15
41420113	15
41420114	15
41420115	15
41420116	15
41420116	15
41420117	15
41420118	15
41442069	15
41442105	15
41442123	15
41442125	14
41442127	13
41442129	12
41442130	12
41464107	12
41464147	12
41464149	12
41485390	12
41485411	13
41485412	13
41485413	13
41485414	13
41485415	13
41485416	13
41507424	13
41507462	13
41507485	13
41507488	12
41507490	11
41507492	10
41507493	10
41529272	10
41529322	10
41529325	10
41550463	10
41550499	10
41550502	11
41550504	11
41572650	11
41572660	11
41572675	11
41572676	10
41572677	9
41572678	8
41595076	8
41616814	8
41638924	8
41638978	8
41639008	8
41639011	7
41639014	6
41660945	6
41660970	6
41682912	6
41682951	6
41704969	6
41704990	6
41726955	6
41748950	6
41771213	6
41793276	6
41793335	6
41815288	6
41836436	6
41858530	6
41879596	6
41900715	6
41900736	6
41921888	6
41921896	5
41943167	5
41964346	6
41964392	6
41985398	6
41985420	6
42007818	6
42030080	6
42051118	6
42073032	6
42095453	6
42095502	6
42117624	6
42117663	6
42117685	6
42139918	6
42162384	6
42184132	6
42184187	6
42184216	6
42205988	6
42206021	6
42206024	7
42227738	7
42227798	7
42227802	7
42250216	7
42250221	6
42366858	1
42366919	1
42366925	1
42366930	1
42366935	1
42366939	1
42389070	1
42389398	1
42389426	1
42389428	1
42389430	1
42567946	1
42589595	1
42610555	2
42632410	2
42632431	3
42654395	3
42654431	3
42675368	4
42696313	4
42696350	4
42717250	4
42739222	4
42760075	4
42760113	4
42781138	4
42781175	4
42803359	4
42869315	1
42869407	1
42869413	1
42892017	1
42892081	1
42892084	1
42913075	2
42935211	2
42956738	2
43071633	1
43071720	1
43071726	1
43092783	1
43092836	1
43114807	2
43136892	3
43157557	3
43157578	3
43180647	4
43180664	4
43202425	4
43202445	4
43202447	5
43224616	5
43224650	5
43224653	5
43246568	5
43246604	6
43246607	6
43267448	6
43267467	6
43267469	6
43289190	7
43289212	7
43289214	7
43310316	7
43310378	7
43310382	7
43310385	8
43331580	8
43331629	8
43331668	8
43353182	8
43353216	8
43374680	8
43374716	8
43374719	8
43374720	8
43396044	8
43396120	8
43396124	7
43396127	6
43417971	6
43417983	7
43439645	7
43439698	7
43439702	7
43439704	7
43439707	7
43461345	7
43461385	8
43461388	8
43461390	8
43482981	8
43483049	8
43483053	8
43483122	8
43483126	9
43504996	9
43505044	9
43505083	9
43505087	8
43526857	8
43676885	1
43676945	1
43676952	1
43676959	1
43676963	1
43676968	1
43676972	1
43697374	1
43697382	1
43697384	1
43697386	1
43697388	1
43697417	1
43719103	2
43740514	2
43761903	2
43878868	1
43878926	1
43878933	1
43899931	1
43899967	1
43899970	1
43922335	2
43944427	2
43944478	3
43965658	3
43987663	3
43987686	3
44008820	3
44029974	3
44051597	3
44073121	3
44094066	3
44180829	1
44180888	1
44180895	1
44180900	1
44202377	1
44202390	1
44583490	1
44583549	1
44583555	1
44583560	1
44628202	1
44628210	1
44628212	1
44628243	1
44650229	2
44672452	2
44672503	3
44693477	3
44693531	3
44715205	4
44715241	4
44736583	4
44736621	4
44758115	4
44779616	4
44801557	4
44801794	4
44823944	4
44884975	1
44885032	1
44885038	1
44905927	1
44905935	1
44905937	1
44985601	1
44985642	1
45006844	1
45388149	1
45388210	1
45408566	1
45408586	1
45429859	2
45451067	3
45471885	3
45471939	3
45493171	4
45515030	4
45515100	4
45589300	1
45611430	1
45632981	2
45654960	2
45654982	3
45676091	3
45676141	3
45698050	4
45698117	4
45718944	4
45718974	4
45719301	5
45740187	5
45740244	5
45740272	5
45761865	5
45761887	5
45783891	5
45783912	5
45783914	5
45805224	6
45805258	6
45805261	6
45826780	6
45826803	6
45826804	6
45826805	7
45848821	7
45848857	7
45848860	7
45848862	7
45848864	7
45870684	7
45870705	8
45870707	8
45870708	8
45870708	8
45892081	8
45892103	8
45892104	8
45892105	8
45913153	8
45935590	8
45957366	8
45978491	8
45978536	8
45978540	9
45978541	9
46000684	9
46000704	9
46000706	9
46000707	9
46000708	9
46000709	9
46022772	10
46022829	10
46022832	10
46022835	10
46022838	10
46022840	10
46044646	10
46044684	10
46044687	10
46044689	10
46044690	11
46066915	11
46066963	11
46066967	11
46066995	11
46066999	10
46088601	10
46088636	10
46088639	10
46088641	10
46110421	10
46110474	10
46110477	10
46110479	10
46110481	10
46131499	10
46131508	9
46131511	8
46131513	7
46131516	7
46152880	7
46174482	8
46174538	8
46174542	8
46174544	8
46195845	8
46195883	8
46195904	8
46217435	7
46217448	6
46293282	1
46293343	1
46293349	1
46293354	1
46293359	1
46293363	1
46314861	1
46314870	1
46315081	1
46315082	1
46315083	1
46315097	1
46494698	1
46516291	1
46538336	2
46560000	2
46560055	3
46581427	3
46603469	3
46624316	3
46646283	3
46668375	3
46668413	3
46690395	4
46712509	4
46712547	4
46734083	5
46734104	5
46734105	5
46756108	5
46756129	5
46777964	5
46777972	4
46799427	4
46820560	4
46820582	4
46842056	4
46842136	4
46863688	4
46884209	4
46884259	4
46906082	4
46926635	4
46948139	4
46948150	4
46970278	4
46991442	4
47013106	5
47013162	5
47013165	5
47034774	5
47034796	5
47056873	5
47056893	5
47201116	1
47201176	1
47201182	1
47201187	1
47201191	1
47222568	1
47222575	1
47222577	1
47222579	1
47222581	1
47244396	2
47266026	2
47266044	3
47288066	3
47310111	3
47331421	3
47401938	1
47402028	1
47423201	1
47423210	1
47502943	1
47524860	1
47546215	2
47568165	2
47568177	3
47589448	3
47589546	3
47611012	4
47633100	4
47633111	4
47654808	4
47676303	4
47698287	4
47698313	4
47719164	4
47741230	4
47762626	4
47784230	4
47804972	1
47805016	1
47806025	1
47826031	1
47826043	1
47828064	2
47847313	2
47869663	3
47891120	3
47891396	4
47912293	4
47912303	4
47934634	4
47956875	4
47978405	4
47978427	4
48000214	5
48000227	5
48022118	5
48022129	5
48022130	6
48043133	6
48043148	6
48043150	6
48063806	6
48063988	6
48085906	6
48085914	5
48107203	5
48129509	5
48151210	5
48151221	6
48151222	6
48173304	6
48173317	6
48194880	6
48194938	6
48216513	5
48307756	1
48307816	1
48307822	1
48307827	1
48307831	1
48307836	1
48328594	1
48328607	1
48328609	1
48328611	1
48328613	1
48350576	1
48372604	2
48394281	2
48416110	2
48508807	1
48508863	1
48508869	1
48529837	1
48529853	1
48529856	1
48551206	2
48572662	2
48572669	3
48594388	3
48615798	3
48615811	3
48637993	3
48709760	1
48709820	1
48709826	1
48731535	1
48731557	1
48731560	1
48752179	2
48773837	2
48773850	3
48795373	3
48816203	4
48816212	4
48838329	4
49011487	1
49011549	1
49011554	1
49011559	1
49033194	1
49033202	1
49033206	1
49055553	2
49076958	2
49076972	3
49099134	3
49121028	3
49121045	3
49143000	3
49164962	3
49186549	3
49186564	4
49208019	4
49230020	5
49252055	5
49252067	5
49274055	5
49313940	1
49414788	1
49414843	1
49414849	1
49414852	1
49436097	1
49436144	1
49436161	1
49716863	1
49738955	1
49759928	2
49781936	2
49781947	3
49803964	3
49918048	1
49918085	1
49918089	1
49940258	1
49940269	1
49940279	1
49962057	2
49983581	2
50005050	2
50119643	1
50119682	1
50119685	1
50140993	1
50521895	1
50521957	1
50521963	1
50543872	1
50543883	1
50565847	2
50587677	2
50587984	3
50609803	3
50609823	3
50609826	4
50630626	4
50630636	4
50630637	4
50652630	5
50652682	5
50652685	5
50674186	5
50674194	6
50696589	6
50696606	6
50696607	6
50717777	6
50717798	6
50717799	5
50739806	5
50739814	5
50760783	5
50760793	6
50760794	6
50782774	6
50782785	6
50782796	6
50804222	6
50804238	6
50804241	6
50825843	6
50825853	7
50825854	7
50847612	7
50847631	7
50847634	7
50847637	7
50869033	7
50869057	7
50869058	6
50891098	6
50891112	6
50911713	7
50911733	7
50911735	7
50911738	7
50932341	7
50932351	7
50932352	7
50932717	8
50932722	8
50953543	8
50953551	8
50953552	8
50953669	8
50953671	8
50975459	9
50975483	9
50975485	9
50975486	9
50975488	9
50997255	9
50997265	9
50997266	9
50997267	10
50997267	10
50997268	10
50997269	10
51018946	10
51018956	10
51018957	10
51018958	10
51018959	10
51040322	11
51040336	11
51040339	11
51040340	11
51040342	11
51062688	11
51062698	10
51062701	9
51062703	8
51062705	8
51084307	8
51106356	8
51106368	8
51106369	8
51128381	8
51128390	7
51128391	6
51226794	1
51226841	1
51226846	1
51226849	1
51226853	1
51226856	1
51226859	1
51248049	1
51248059	1
51248068	1
51248069	1
51248069	1
51248070	1
51269225	1
51428944	1
51450337	1
51472308	2
51494392	3
51515636	3
51515654	3
51536289	4
51536307	4
51558133	4
51558151	4
51578575	4
51599793	4
51620893	4
51642065	4
51663591	5
51663600	5
51685924	5
51685938	5
51685940	6
51708106	6
51729106	6
51729124	6
51751276	6
51751293	6
51772887	6
51772899	6
51794391	6
51794399	5
51815726	5
51836980	5
51836988	5
51858745	6
51880313	6
52032522	1
52032568	1
52032573	1
52032576	1
52032580	1
52032583	1
52053913	1
52053917	1
52053918	1
52053920	1
52053926	1
52076063	2
52097064	2
52097082	3
52118291	3
52140425	4
52140782	4
52162652	4
52162666	5
52183967	5
52183984	5
52205983	5
52206000	6
52206003	6
52335069	1
52335128	1
52335134	1
52335138	1
52357086	1
52357093	1
52357100	1
52379122	2
52401127	2
52401135	3
52423105	3
52423112	3
52444516	3
52466499	3
52487970	3
52509539	3
52531584	4
52531592	4
52553034	4
52553049	5
52575152	5
52575162	5
52596485	5
52596492	4
52618505	4
52640547	4
52640565	4
52662600	5
52662617	5
52683732	5
52683742	5
52683744	5
52705136	6
52705154	6
52705156	6
52727379	6
52727436	7
52749290	7
52749346	7
52749349	7
52749352	7
52771210	7
52771244	8
52771247	8
52771249	8
52793291	8
52793346	8
52793350	8
52793379	8
52815201	8
52815235	8
52815237	8
52815239	8
52837542	8
52837578	8
52837601	8
52837603	7
52858984	7
52859052	8
52859055	8
52879657	8
52879691	8
52879694	8
52879696	8
52901780	8
52901790	7
52901793	6
52923512	6
52944698	6
52944754	6
52944758	7
52944761	7
52966043	7
52966078	7
52966081	7
52966083	7
52966085	7
52987433	8
52987455	8
52987456	8
52987457	8
53009203	8
53031323	8
53053029	8
53074027	8
53096140	8
53096181	8
53096184	8
53096186	8
53096188	8
53118076	8
53118117	9
53118121	9
53118123	9
53140191	9
53140227	9
53140230	9
53161255	9
53161330	9
53161334	8
53161336	7
53182908	7
53182944	7
53204909	8
53204934	8
53204935	8
53204936	8
53226976	8
53227012	8
53227015	8
53227017	9
53227019	9
53248505	9
53248556	9
53248559	9
53270582	9
53270590	8
53270592	7
53292705	7
53340555	1
53340602	1
53340607	1
53362506	1
53362554	1
53384359	2
53406284	3
53428228	3
53428287	3
53449830	4
53449880	4
53471838	4
53471873	4
53493969	4
53494027	4
53516008	3
53642424	1
53642470	1
53642474	1
53642478	1
53642481	1
53664080	1
53664132	1
53664136	1
53664138	1
53664140	1
53843806	1
53864979	1
53887006	2
53909030	2
53930951	3
53952716	3
53952735	4
53974777	4
53996050	5
54018258	5
54018290	5
54018292	5
54039536	6
54039574	6
54061553	6
54082695	6
54082754	6
54146148	1
54146208	1
54146214	1
54168288	1
54168344	1
54168383	1
54190448	2
54212279	2
54234343	2
54256632	2
54348195	1
54348234	1
54348236	1
54370287	1
54370308	1
54370309	1
54392303	2
54392340	2
54414372	3
54414407	3
54550246	1
54550294	1
54572320	1
54953084	1
54953149	1
54974161	1
54974196	1
54995121	2
55016231	2
55038167	2
55059931	2
55155015	1
55155052	1
55155056	1
55177113	1
55177149	1
55198058	2
55219158	3
55240962	3
55261945	3
55284144	3
55356245	1
55356310	1
55356318	1
55378463	1
55378518	1
55378522	1
55399507	2
55420657	2
55442663	2
55464151	2
55557462	1
55557513	1
55557517	1
55579609	1
55579645	1
55579648	1
55601549	2
55623483	2
55623504	3
55645606	3
55645644	3
55667659	4
55689567	4
55689602	4
55711093	4
55732636	4
55754754	4
55754794	4
55777127	4
55777180	4
55799074	4
55821047	4
55843083	4
55843119	5
55843122	5
55864169	5
55864182	5
55885170	5
55885207	5
55906849	5
55906906	5
55928849	5
55949786	6
55949824	6
55970980	6
55993190	6
55993252	6
56015593	5
56015621	5
56037338	5
56059180	5
56081183	5
56081321	5
56081406	6
56102450	6
56102557	6
56102822	6
56102859	6
56102863	6
56124157	5
56124165	4
56260807	1
56260852	1
56260858	1
56260862	1
56260865	1
56260868	1
56260872	1
56282226	1
56282243	1
56282246	1
56282248	1
56282251	1
56304175	1
56326221	2
56347950	2
56369882	2
56390698	2
56462975	1
56463038	1
56484617	1
56484636	1
56505819	2
56527698	3
56548318	3
56548335	3
56569121	4
56591375	4
56591391	4
56613426	4
56635892	4
56657583	4
56657596	4
56657598	4
56679722	5
56679740	5
56679743	5
56701567	5
56701580	5
56701582	6
56723612	6
56723666	6
56723705	6
56745643	6
56745657	6
56745659	6
56766896	6
56766913	6
56766916	6
56766919	7
56788842	7
56788854	7
56788869	7
56810883	7
56810888	7
56810889	6
56964743	1
56964787	1
56964791	1
56964796	1
56964800	1
56986968	1
56986986	1
56986989	1
56986992	1
57165731	1
57569340	1
57591614	1
57770015	1
57791894	1
57971764	1
57993661	1
58173254	1
58195285	1
58216368	2
58237646	2
58237660	3
58259601	3
58259610	3
58281043	4
58281057	4
58302191	4
58324136	4
58324156	4
58345676	4
58367777	4
58389022	5
58410658	5
58431966	5
58453289	5
58473713	1
58473751	1
58475314	1
58495123	1
58497003	2
58516293	2
58519106	3
58537669	3
58540666	3
58558886	3
58562973	3
58580425	3
58603378	3
58625223	4
58625231	4
58647499	4
58647516	4
58669428	4
58690730	4
58712010	4
58712029	4
58876916	1
58876997	1
58877004	1
58877009	1
58899112	1
58899121	1
58899124	1
58899126	1
58921047	2
58943148	2
58964283	2
59078386	1
59078425	1
59078428	1
59099458	1
59099472	1
59480597	1
59480644	1
59480648	1
59524079	1
59524140	1
59524143	1
59546395	2
59568060	2
59568078	3
59589852	3
59611451	4
59611506	4
59632966	4
59632983	4
59632985	5
59653941	5
59653955	5
59676044	5
59676062	5
59696949	5
59696957	4
59719127	4
59739833	5
59761553	5
59761563	5
59782811	5
59782847	5
59804150	5
59804163	5
59825422	5
59825430	5
59825431	6
59847134	6
59847153	6
59847156	6
59847158	6
59868951	6
59868969	7
59868973	7
59890873	7
59890886	7
59890888	7
59890890	7
59912185	8
59912198	8
59912201	8
59912203	8
59933470	8
59933507	8
59933510	8
59933512	8
59955682	8
59955750	8
59955754	7
59955757	6
60085199	1
60085242	1
60085248	1
60085251	1
60085255	1
60085258	1
60085262	1
60106533	1
60106539	1
60106540	1
60106540	1
60106541	1