55045	2
78758	3
78854	4
99882	5
99905	6
99906	7
122109	8
122145	9
122147	10
122149	10
143002	10
143073	10
143076	9
143078	8
143080	7
164059	7
164101	7
185553	7
185589	7
185592	7
185594	7
185596	7
206719	8
206738	8
206739	8
206740	8
227752	8
227807	8
227850	8
227853	7
227856	6
249777	6
249813	6
271370	6
271410	7
271413	7
271415	7
293683	7
293739	7
293743	7
293746	7
293748	8
315611	8
315627	8
315629	8
315631	8
315633	8
337534	8
337556	8
337557	9
337558	9
337559	9
358978	9
359014	9
359017	9
359018	9
359020	9
359022	9
380975	10
380996	10
380997	10
380998	10
380999	10
381000	10
402991	10
403017	10
403018	10
403019	10
403020	11
403021	11
425191	11
425248	11
425253	11
425255	11
425258	11
425261	11
425263	11
446033	11
446055	11
446056	12
446057	12
446058	12
446059	12
446060	12
467962	12
467993	12
467996	12
467998	12
468000	12
468002	12
468004	13
489747	13
489770	13
489771	13
489772	13
489773	13
489774	13
489775	13
489775	13
511793	13
511827	13
511830	13
511832	14
511834	14
511836	14
511838	14
533862	14
533898	14
533901	14
534441	14
534443	14
534444	14
534445	14
534446	14
534448	14
555911	14
555945	15
555948	15
555950	15
555952	15
555954	15
555956	15
555958	15
555959	15
555961	15
577587	15
577648	15
577652	15
577655	15
577658	15
577661	16
577663	16
577666	16
577668	16
599254	16
599276	16
599278	16
599279	16
599281	16
599311	16
599351	16
599489	16
599502	16
599504	16
621142	16
621177	16
621179	17
621181	17
621183	17
621185	17
621187	17
621189	17
621191	17
621193	17
621195	17
621197	17
621199	17
621201	17
642823	17
642844	17
642845	17
642846	17
642847	17
642848	18
642849	18
642850	18
642851	18
642852	18
642853	18
664770	18
664790	18
664791	18
664792	18
664793	18
664794	18
664817	18
664932	18
664946	18
664948	18
686813	18
686844	18
686845	17
686846	16
686847	15
686848	15
686849	14
686849	14
686850	13
686851	13
686852	12
686853	12
686853	11
708891	11
730839	12
730875	12
730878	12
730880	12
730882	12
730884	12
730886	12
752782	12
752800	12
752801	12
752802	12
752803	12
752805	13
752806	13
752807	13
775291	13
775310	13
775311	13
775635	13
775637	13
775638	13
775639	13
775640	13
795804	13
795839	13
795841	14
795844	14
795846	14
796823	14
796857	14
796860	14
796862	14
796864	14
817789	14
817824	14
817827	14
817829	14
817832	14
817834	14
817836	15
817838	15
817840	15
817872	15
817874	15
839850	15
839905	15
839909	15
839911	15
839914	15
839917	15
839919	15
839922	15
839924	15
860979	16
861028	16
861031	16
861034	16
861037	16
861040	16
861043	16
861046	16
861048	16
882993	16
883021	16
883023	16
883025	16
883029	16
883030	16
883032	16
883034	17
883036	17
883037	17
905244	17
905264	17
905266	17
905267	17
905268	17
905269	17
905269	17
905270	17
905271	17
905272	17
905273	17
927203	17
927238	17
927241	17
927242	18
927243	18
927245	18
927246	18
927247	18
927248	18
927249	18
927250	18
947789	18
947822	18
947825	18
947827	18
947829	18
947831	18
947833	18
947835	18
947837	18
947839	19
969693	19
969743	19
969747	19
969750	19
969752	19
969755	19
969758	19
969760	19
969763	19
969765	19
969768	19
969770	19
991304	19
991325	19
991326	19
991327	19
991328	19
991743	19
991744	20
991745	20
991747	20
991747	20
991748	20
991749	20
1012724	20
1012745	20
1012746	20
1012747	20
1012748	20
1012750	20
1012751	20
1012752	20
1012753	20
1012754	20
1012778	20
1012794	20
1012795	20
1012796	20
1012797	21
1012985	21
1035037	21
1035213	21
1035228	21
1035229	21
1035230	21
1035232	21
1035233	21
1035234	21
1035235	21
1035236	21
1035237	21
1035238	21
1035239	21
1035240	21
1035241	21
1057114	21
1057168	21
1057174	21
1057178	21
1057181	22
1057186	22
1057189	22
1057193	22
1057197	22
1057200	22
1057204	22
1057207	22
1057211	22
1057217	22
1057221	22
1078842	22
1078899	22
1078903	22
1078905	22
1078908	22
1078910	22
1078913	22
1078915	22
1078918	22
1078920	22
1078923	22
1078925	23
1078928	23
1078930	23
1100069	23
1100089	23
1100091	23
1100092	23
1100093	23
1100094	23
1100095	23
1100095	23
1100096	23
1100097	23
1100098	23
1100099	23
1100100	23
1100101	23
1122110	23
1122129	23
1122131	23
1122132	23
1122133	23
1122134	23
1122156	24
1122173	24
1122185	24
1122186	24
1122187	24
1122188	24
1122189	24
1122376	24
1144194	24
1144229	24
1144232	24
1144234	24
1144236	24
1144238	24
1144240	24
1144242	24
1144244	24
1144246	24
1144247	24
1144249	24
1144251	24
1144253	24
1144255	24
1164768	24
1164789	25
1164791	25
1164791	25
1164792	25
1164793	25
1164794	25
1164795	25
1164796	25
1164797	25
1164798	25
1164799	25
1164800	25
1164801	25
1164801	25
1187002	25
1187022	25
1187024	25
1187025	25
1187026	25
1187027	25
1187028	25
1187029	25
1187030	25
1187059	25
1187061	25
1187062	26
1187082	26
1187083	26
1187084	26
1208959	26
1208995	26
1208998	26
1209000	26
1209002	26
1209004	26
1209006	26
1209008	26
1209010	26
1209012	26
1209014	26
1209016	26
1209018	26
1209020	26
1209041	26
1230552	26
1230603	26
1230608	26
1230610	26
1230613	26
1230616	26
1230619	26
1230622	26
1230625	26
1230628	26
1230631	26
1230633	27
1230636	27
1230639	27
1230642	27
1251731	27
1251762	27
1251764	27
1251765	27
1251766	27
1251949	27
1251954	27
1251957	27
1252037	27
1252040	27
1252043	27
1252045	27
1252047	27
1252049	27
1252051	27
1252053	27
1252055	27
1273484	27
1273520	27
1273523	27
1273525	27
1273527	27
1273529	27
1273531	28
1273532	28
1273534	28
1273536	28
1273538	28
1273540	28
1273542	28
1273544	28
1273546	28
1273548	28
1273550	28
1273552	28
1273554	28
1273556	28
1273558	28
1273560	28
1273562	28
1294639	28
1294692	28
1294695	28
1294698	28
1294701	28
1294703	28
1294726	28
1294729	27
1294732	26
1294734	25
1294736	25
1294739	24
1294741	24
1294743	23
1294745	23
1294747	22
1316466	22
1316492	22
1316494	23
1316494	23
1316495	23
1316496	23
1316497	23
1338530	23
1338555	23
1338556	23
1338557	23
1338558	23
1338559	23
1338560	23
1338561	23
1338562	23
1338573	23
1338574	22
1338575	21
1338575	20
1359125	20
1359146	20
1359148	20
1359149	20
1359149	20
1359150	20
1360111	20
1360141	20
1360144	20
1381212	21
1381251	21
1381253	21
1381255	21
1381257	21
1381259	21
1381261	21
1381263	21
1381265	21
1381267	21
1381268	21
1381270	21
1381272	21
1381274	21
1381276	21
1381278	21
1402681	21
1402717	21
1402718	20
1402719	19
1402720	18
1402721	18
1402722	17
1402722	17
1402723	16
1402904	16
1402905	15
1423884	15
1423894	15
1423896	14
1444856	14
1465827	15
1465863	15
1465865	15
1465867	15
1465869	15
1465871	15
1465873	15
1465875	15
1465877	15
1487881	15
1487929	15
1487933	15
1487936	15
1487938	15
1487941	16
1487943	16
1487946	16
1508778	16
1508803	16
1508805	16
1508806	16
1508807	16
1508808	16
1508809	16
1508810	16
1508811	16
1508812	16
1529836	16
1529876	16
1529878	16
1529880	17
1529882	17
1529884	17
1529886	17
1529888	17
1529890	17
1529892	17
1551296	17
1551319	17
1551321	17
1551370	17
1551372	17
1551373	17
1551374	17
1552719	17
1552735	17
1552737	17
1552738	18
1572840	18
1572879	18
1572882	18
1572884	18
1572886	18
1572888	18
1572890	18
1573171	18
1573189	18
1573197	18
1573198	17
1573199	16
1573199	15
1593845	15
1593851	14
1593852	14
1593853	13
1593854	13
1593854	12
1593855	12
1593858	12
1593876	12
1615826	12
1615853	12
1615854	12
1615855	13
1615856	13
1615857	13
1615858	13
1615859	13
1637789	13
1637825	13
1637828	13
1637830	13
1637832	13
1637833	13
1637835	13
1637837	13
1659507	14
1659882	14
1659884	14
1659885	14
1659886	14
1659887	14
1659888	14
1681500	14
1681526	14
1681527	14
1681528	14
1681529	15
1681530	15
1703168	15
1703229	15
1703265	15
1703269	14
1703272	13
1703275	12
1703278	12
1724935	12
1724958	12
1724959	12
1746710	12
1746736	12
1746737	12
1746738	12
1746739	12
1746740	12
1746741	12
1746741	12
1767537	13
1767557	13
1767558	13
1767559	13
1767560	13
1767561	13
1767562	13
1789180	13
1789203	13
1789205	13
1789205	13
1789206	13
1789207	14
1789208	14
1811249	14
1811314	14
1811317	13
1811319	12
1811321	11
1811323	11
1811325	10
1811326	10
1833206	10
1833242	10
1855221	10
1855254	10
1855257	10
1855259	10
1855261	10
1877309	10
1877346	10
1877349	11
1877351	11
1877353	11
1877355	11
1899416	11
1899425	11
1899426	11
1899427	11
1899428	11
1899429	11
1921467	12
1921503	12
1921505	12
1921507	12
1921509	12
1921511	12
1943528	12
1943536	11
1943538	10
1943540	9
1943541	9
1943543	8
1965400	8
1987351	8
1987374	8
1987376	8
1987377	8
1987377	9
2009476	9
2009516	9
2009519	9
2009521	9
2009523	9
2009800	9
2030885	9
2030940	9
2030943	10
2030946	10
2030948	10
2030951	10
2030954	10
2052304	10
2052313	10
2052314	10
2052315	10
2052316	11
2052317	11
2073841	11
2073877	11
2073880	11
2073881	11
2073883	11
2073903	11
2096043	11
2096096	11
2096100	11
2096102	11
2096105	11
2096108	11
2117796	11
2117834	12
2117837	12
2117839	12
2117841	12
2117843	12
2117844	12
2140239	12
2140291	12
2140295	12
2140298	12
2140301	12
2140303	12
2140343	12
2162305	12
2162360	12
2162363	12
2162366	13
2162368	13
2162371	13
2183741	13
2183764	13
2183765	13
2183766	13
2183767	13
2183768	13
2183769	13
2183769	13
2205693	13
2205712	13
2205713	14
2205714	14
2205715	14
2205738	14
2205754	14
2205755	14
2228146	14
2228200	14
2228203	14
2228205	14
2228207	14
2228209	14
2228210	14
2228212	14
2228214	15
2250318	15
2250332	15
2250335	15
2250337	15
2250339	15
2250340	15
2250342	15
2250344	15
2250346	15
2272378	15
2272414	15
2272416	15
2272418	15
2272420	15
2272422	16
2272424	16
2272426	16
2272428	16
2294663	16
2294699	16
2294701	16
2294703	16
2294705	16
2295001	16
2295003	16
2295005	16
2295007	16
2295009	16
2316810	16
2316838	16
2316839	17
2316840	17
2316841	17
2316843	17
2316844	17
2316845	17
2316846	17
2316847	17
2316848	17
2316849	17
2316850	17
2338771	17
2338823	17
2338826	17
2338829	17
2338831	17
2338833	17
2338835	18
2338837	18
2338839	18
2338841	18
2338843	18
2359748	18
2359781	18
2359784	18
2359786	18
2359788	18
2359790	18
2359793	18
2359794	18
2359796	18
2359799	18
2359801	18
2380962	18
2380997	18
2381000	19
2381002	19
2381004	19
2381006	19
2381008	19
2381010	19
2381012	19
2381015	19
2381017	19
2402394	19
2402448	19
2402452	19
2402455	19
2402457	19
2402460	19
2402463	19
2402465	19
2402468	19
2402470	19
2402473	20
2402476	20
2423925	20
2423959	20
2423962	20
2423964	20
2423966	20
2423967	20
2423969	20
2423971	20
2423973	20
2423975	20
2423976	20
2423978	20
2445107	20
2445162	20
2445166	20
2445169	20
2445171	20
2445174	20
2445176	21
2445179	21
2445181	21
2445184	21
2445186	21
2445189	21
2467033	21
2467068	21
2467069	21
2467070	21
2467071	21
2467072	21
2467436	21
2467437	21
2467438	21
2467439	21
2467440	21
2467441	21
2467442	21
2489640	21
2489675	21
2489678	22
2489680	22
2489681	22
2489683	22
2489685	22
2489687	22
2489689	22
2489691	22
2489693	22
2489695	22
2489697	22
2511800	22
2511855	22
2511859	22
2511862	22
2511864	22
2511867	22
2511908	22
2511911	21
2511914	20
2511917	19
2511919	19
2511922	18
2511924	18
2533644	18
2533681	18
2533683	18
2533685	18
2533687	19
2533689	19
2555877	19
2555925	19
2555929	19
2555932	19
2555935	19
2555937	19
2555940	19
2555943	19
2555946	19
2555949	19
2555951	19
2555954	19
2576624	19
2576657	19
2576660	19
2576662	19
2576664	19
2576666	20
2576668	20
2576670	20
2576672	20
2576674	20
2576676	20
2576678	20
2598842	20
2598896	20
2598900	20
2598904	20
2598907	20
2598911	20
2598914	20
2598918	20
2598921	20
2598924	20
2598927	20
2598930	20
2619764	20
2619785	21
2619786	21
2619788	21
2619808	21
2619809	20
2619810	19
2619811	18
2619812	18
2619813	17
2641972	17
2642027	17
2642030	17
2642033	17
2642036	17
2642038	17
2663186	17
2663237	17
2663921	17
2663926	17
2663928	17
2663931	17
2663934	17
2663936	17
2663939	17
2663941	17
2663944	17
2684770	18
2684807	18
2684810	18
2684812	18
2684814	18
2684816	18
2684818	18
2684820	18
2685207	18
2685224	18
2685225	18
2685226	18
2685227	18
2706070	18
2706119	18
2706147	18
2706148	18
2706149	18
2706154	19
2706282	19
2706331	19
2706335	19
2706338	19
2706343	19
2706346	19
2706349	19
2706351	19
2727914	19
2727964	19
2727968	19
2727970	19
2727973	19
2727975	19
2728003	19
2728006	18
2728008	17
2728011	16
2728013	16
2728015	15
2728018	15
2749915	15
2749951	15
2749954	16
2749956	16
2770960	16
2770995	16
2770998	16
2771000	16
2771002	16
2771004	16
2771006	16
2771008	16
2771010	16
2771012	16
2793120	16
2793169	16
2793173	16
2793176	16
2793179	16
2793181	16
2793220	16
2793223	15
2793225	14
2814360	14
2814407	15
2814411	15
2814414	15
2814416	15
2814419	15
2836021	15
2836057	15
2836060	15
2836062	15
2836064	15
2836066	15
2836068	15
2836944	15
2836969	15
2858422	15
2858439	16
2858442	16
2858445	16
2858447	16
2858450	16
2858786	16
2858790	16
2858792	16
2858795	16
2858798	16
2858801	16
2858803	16
2881193	16
2881207	16
2881209	16
2881211	16
2881213	17
2881215	17
2881216	17
2881218	17
2881220	17
2881222	17
2903120	17
2903132	17
2903133	17
2903134	17
2903135	17
2903136	17
2903137	17
2903138	17
2903139	17
2903139	17
2903140	17
2925012	18
2925025	18
2925027	18
2925029	18
2925031	18
2925033	18
2925061	18
2925064	17
2925066	16
2925069	15
2947175	15
2947191	15
2947193	15
2947195	15
2947197	15
2947199	15
2968357	15
2968373	15
2968375	15
2968377	15
2968379	15
2968381	15
2968382	16
2968384	16
2968386	16
2990143	16
2990157	16
2990159	16
2990162	16
2990164	16
2990166	16
2990168	16
2990170	16
2990172	16
2990173	16
3011966	16
3011987	16
3011991	16
3011994	17
3011997	17
3012000	17
3012002	17
3012005	17
3012008	17
3012011	17
3033565	17
3033575	17
3033576	17
3033577	17
3033578	17
3033579	17
3033580	17
3033581	17
3033582	17
3033583	17
3033584	18
3055547	18
3055557	18
3055558	18
3055559	18
3055560	18
3055561	18
3055562	18
3055563	18
3055564	18
3055947	18
3077811	18
3077847	18
3077849	18
3077851	18
3077853	18
3077855	18
3077857	19
3077859	19
3077860	19
3077862	19
3077864	19
3077866	19
3077868	19
3077870	19
3077872	19
3077873	19
3099624	19
3099645	19
3099646	19
3099647	19
3099648	19
3099661	19
3099662	18
3099663	17
3099664	16
3099664	16
3099665	15
3121492	15
3121528	15
3121531	15
3121533	16
3121535	16
3142915	16
3142967	16
3142971	16
3142973	16
3142976	16
3142979	16
3142981	16
3142984	16
3142987	16
3142990	16
3164576	16
3164627	16
3164631	16
3164633	16
3164636	16
3164674	16
3164677	15
3164680	14
3186013	14
3186019	14
3186020	13
3186097	13
3186100	12
3186101	12
3208270	12
3230318	13
3230371	13
3230374	13
3230377	13
3230379	13
3230382	13
3230384	13
3230387	13
3251455	13
3251594	13
3251600	13
3251604	13
3251607	13
3251610	14
3251612	14
3251614	14
3273390	14
3273439	14
3273443	14
3273446	14
3273449	14
3273452	14
3273455	14
3273458	14
3273460	14
3294958	14
3294993	14
3294995	15
3294997	15
3294999	15
3295001	15
3295003	15
3295005	15
3295007	15
3317200	15
3317581	15
3317583	15
3317584	15
3317585	15
3317586	15
3317587	15
3317588	15
3317589	16
3338532	16
3338553	16
3338555	16
3338556	16
3338557	16
3338557	16
3338558	16
3338559	16
3338560	16
3338561	16
3359085	16
3359105	16
3359106	16
3359107	16
3359108	16
3359109	17
3359110	17
3359112	17
3359113	17
3359113	17
3380329	17
3380349	17
3380350	17
3380351	17
3380352	17
3380353	17
3380354	17
3380355	17
3380356	17
3380357	17
3401553	17
3401572	18
3401573	18
3401574	18
3401575	18
3401576	18
3401577	18
3401578	18
3401579	18
3401580	18
3401580	18
3422604	18
3422618	18
3422620	18
3422622	18
3422624	18
3422626	18
3422628	18
3422630	18
3422632	19
3422634	19
3422635	19
3444182	19
3444220	19
3444248	19
3444250	18
3444252	17
3444254	16
3444256	16
3444258	15
3444259	15
3444261	14
3466293	14
3466301	14
3466303	13
3488482	13
3510249	13
3510289	13
3510292	13
3510294	13
3510296	13
3510298	13
3510300	13
3532319	13
3532332	13
3532334	14
3532337	14
3532339	14
3532341	14
3532343	14
3532345	14
3553808	14
3553844	14
3553846	14
3553848	14
3554097	14
3554100	14
3554102	14
3554103	14
3554105	15
3575078	15
3575099	15
3575100	15
3575101	15
3575115	15
3575116	14
3575117	13
3575117	12
3575118	12
3575119	11
3575120	11
3596384	11
3596437	11
3617653	11
3617688	11
3617691	11
3617693	11
3617695	11
3617697	11
3617698	11
3639810	12
3639857	12
3639860	12
3639863	12
3639865	12
3639868	12
3639870	12
3661071	12
3661128	12
3661131	12
3661134	12
3661137	12
3661139	13
3661142	13
3661144	13
3682496	13
3682533	13
3682536	13
3682538	13
3682540	13
3682542	13
3682544	13
3682546	13
3703797	13
3703816	13
3703818	14
3703819	14
3703819	14
3703820	14
3703821	14
3703822	14
3725750	14
3725786	14
3725788	14
3725790	14
3725792	14
3725812	14
3725814	13
3725816	12
3746834	12
3746846	12
3746848	12
3746850	12
3746852	13
3768735	13
3768743	13
3768744	13
3768745	13
3768746	13
3768747	13
3768748	13
3790505	13
3790522	13
3790524	13
3790526	13
3790528	14
3790530	14
3790532	14
3790534	14
3811961	14
3811979	14
3811982	14
3811985	14
3811987	14
3811990	14
3811992	14
3811996	14
3811998	14
3833527	14
3833539	15
3833540	15
3833541	15
3833542	15
3833543	15
3833544	15
3833545	15
3833546	15
3855000	15
3855017	15
3855021	15
3855023	15
3855026	15
3855029	15
3855031	15
3855034	16
3855036	16
3876885	16
3876901	16
3876904	16
3876906	16
3876907	16
3876909	16
3876911	16
3876913	16
3876915	16
3876917	16
3897820	16
3897831	16
3897832	16
3897833	16
3897835	17
3897836	17
3897837	17
3897838	17
3897839	17
3897840	17
3919029	17
3919037	17
3919039	17
3919125	17
3919127	17
3919128	17
3919129	17
3919130	17
3919131	17
3919131	17
3919132	17
3940980	18
3940999	18
3941002	18
3941005	18
3941008	18
3941011	18
3941013	18
3941016	18
3941018	18
3941021	18
3941023	18
3941026	18
3941028	18
3962777	18
3962791	18
3962793	18
3962795	18
3962797	19
3962799	19
3962801	19
3962803	19
3962805	19
3962807	19
3984987	19
3984999	19
3985000	19
3985000	19
3985001	19
3985002	19
3985003	19
3985004	19
3985005	19
3985007	19
3985009	19
3985011	19
4006944	19
4006959	20
4006961	20
4006963	20
4006965	20
4006967	20
4006968	20
4006970	20
4006972	20
4007363	20
4007367	20
4007369	20
4029397	20
4029410	20
4029413	20
4029415	20
4029417	20
4029418	20
4029420	20
4029422	20
4029424	20
4029426	21
4029428	21
4029430	21
4051237	21
4051251	21
4051254	21
4051256	21
4051258	21
4051260	21
4051262	21
4051264	21
4051266	21
4051268	21
4051270	21
4051272	21
4073000	21
4073014	21
4073035	21
4073038	20
4073039	19
4073041	18
4073043	18
4073045	17
4073047	17
4073048	16
4073050	16
4073052	15
4094963	15
4094977	16
4094979	16
4116932	16
4116953	16
4116954	16
4116955	16
4116956	16
4116957	16
4116958	16
4116959	16
4116960	16
4116961	16
4139065	16
4139114	16
4139118	16
4139121	16
4139124	17
4139127	17
4139129	17
4139132	17
4139135	17
4139137	17
4159931	17
4159985	17
4159988	17
4159991	17
4159993	17
4159996	17
4159998	17
4160001	17
4160003	17
4160006	17
4160008	17
4182122	18
4182175	18
4182179	18
4182182	18
4182184	18
4182187	18
4182190	18
4182192	18
4182195	18
4203971	18
4204009	18
4204012	18
4204014	18
4204016	18
4204018	18
4204020	18
4204022	19
4204024	19
4204026	19
4225798	19
4226202	19
4226206	19
4226208	19
4226210	19
4226212	19
4226214	19
4226216	19
4226218	19
4226220	19
4226222	19
4226224	19
4247864	19
4247900	19
4247903	19
4247905	19
4247907	20
4247909	20
4247911	20
4247913	20
4247914	20
4247917	20
4247919	20
4247920	20
4269382	20
4269404	20
4269405	20
4269406	20
4269407	20
4269408	20
4269409	20
4269410	20
4269411	20
4269412	20
4269413	20
4269413	20
4290858	21
4290912	21
4290915	21
4290918	21
4290921	21
4290923	21
4291266	21
4291273	21
4291276	21
4291279	21
4291282	21
4291284	21
4312075	21
4312110	21
4312113	21
4312115	21
4312117	21
4312119	21
4312121	21
4312123	21
4312125	21
4312127	22
4312129	22
4312133	22
4312134	22
4312136	22
4312138	22
4334108	22
4334116	21
4334118	20
4334119	19
4334121	19
4334123	18
4334124	18
4334126	17
4334128	17
4334130	16
4334131	16
4334133	15
4426991	1
4427073	1
4427077	1
4427080	1
4427084	1
4427087	1
4427092	1
4427096	1
4427099	1
4427102	1
4427105	1
4427109	1
4427113	1
4427117	1
4427120	1
4448801	1
4448837	1
4448840	1
4448841	1
4448843	1
4448845	1
4449140	1
4449143	1
4449145	1
4449147	1
4449148	1
4449150	1
4470095	1
4492087	2
4514178	2
4514226	3
4536097	3
4536132	3
4558145	4
4558200	4
4579143	4
4579194	4
4579197	5
4600996	5
4601017	5
4601018	5
4623113	5
4623133	6
4643481	6
4643504	6
4643515	6
4664777	6
4664826	6
4664828	6
4686063	6
4686093	6
4686094	6
4686095	7
4707950	7
4708005	7
4708008	7
4708011	7
4708014	7
4729862	7
4729899	8
4729901	8
4729903	8
4729905	8
4751156	8
4751178	8
4751179	8
4751180	8
4751180	9
4773227	9
4773267	9
4773269	9
4773271	9
4773273	9
4773275	9
4794695	9
4794735	9
4794737	10
4794739	10
4794741	10
4794743	10
4815991	10
4816026	10
4816028	10
4816030	10
4816032	10
4816034	10
4836363	11
4836398	11
4836399	11
4836400	11
4836401	11
4836402	11
4858322	11
4858360	11
4858362	11
4858364	11
4858366	11
4858368	12
4858370	12
4879348	12
4879373	12
4879383	12
4879384	11
4879385	10
4879386	9
4879387	9
4901341	8
5030276	1
5030337	1
5030343	1
5030348	1
5030353	1
5030357	1
5030362	1
5030368	1
5030373	1
5052247	1
5052285	1
5052287	1
5052289	1
5052290	1
5052527	1
5052529	1
5052530	1
5073453	1
5094716	2
5116641	2
5116662	3
5138066	3
5159654	3
5182151	3
5231617	1
5253171	1
5332316	1
5332377	1
5353883	1
5353907	1
5375187	2
5396154	2
5396176	3
5416807	3
5416831	3
5437988	4
5438007	4
5459280	4
5459318	4
5459321	5
5481267	5
5481304	5
5481306	5
5503277	5
5503316	6
5503319	6
5525460	6
5525480	6
5525481	6
5525482	6
5547337	7
5547386	7
5547390	7
5568956	7
5568964	6
5568966	5
5590597	5
5612498	5
5612550	5
5612553	5
5634661	5
5634695	6
5634697	6
5656251	6
5656271	6
5656272	6
5677911	6
5677921	5
5699201	5
5720369	5
5720391	5
5720392	6
5742315	6
5742374	6
5742377	6
5742380	6
5764143	6
5764193	7
5764197	7
5764199	7
5785765	7
5785809	7
5785811	7
5785813	7
5785815	8
5806984	8
5807041	8
5807043	8
5807045	8
5807047	8
5828867	8
5828904	8
5828907	9
5828909	9
5828911	9
5850835	9
5850871	9
5850873	9
5850875	9
5850877	9
5850879	9
5872851	10
5872885	10
5872887	10
5872888	10
5872889	10
5872890	10
5894523	10
5894543	10
5894544	10
5894545	10
5894546	11
5894547	11
5915660	11
5915708	11
5916125	11
5916126	11
5916127	11
5916128	11
5916129	11
5937641	11
5937659	11
5937661	12
5937662	12
5937663	12
5937664	12
5937665	12
5959373	12
5959393	12
5959394	12
5959395	12
5959396	12
5959397	12
5980908	12
5980929	12
5980943	12
5980944	11
5980945	10
5980946	9
6002016	9
6002066	10
6023328	10
6023367	10
6023370	10
6023372	10
6023374	10
6023376	10
6045453	10
6045491	10
6045494	10
6045496	11
6045498	11
6045499	11
6066683	11
6066718	11
6066721	11
6066723	11
6066725	11
6066727	11
6066729	11
6088265	11
6088299	12
6088302	12
6088303	12
6088324	12
6088326	11
6110085	11
6110133	11
6110137	11
6110140	11
6110143	11
6131865	11
6131922	11
6131925	11
6131928	11
6131930	11
6131933	11
6131936	12
6153082	12
6153103	12
6153105	12
6153105	12
6153106	12
6153107	12
6153108	12
6153109	12
6174765	12
6175109	12
6175148	12
6175151	13
6175154	13
6175156	13
6175159	13
6196731	13
6196768	13
6196771	13
6196773	13
6196775	13
6196777	13
6196779	14
6218745	14
6218798	14
6218800	14
6218802	14
6218804	14
6218806	14
6218821	14
6218824	13
6240111	13
6240148	13
6240150	13
6240152	13
6240154	13
6240156	13
6240158	13
6261766	13
6261804	13
6261807	14
6261809	14
6261811	14
6261813	14
6261814	14
6261816	14
6282903	14
6283006	14
6283010	14
6283013	14
6283015	14
6283018	14
6283021	14
6283023	14
6283026	15
6304183	15
6304221	15
6304223	15
6304225	15
6304227	15
6304229	15
6304231	15
6304233	15
6304235	15
6325743	15
6325779	15
6325801	15
6325803	14
6325805	13
6325807	12
6325808	12
6325810	11
6347259	11
6347313	11
6347316	12
6369048	12
6369084	12
6369087	12
6369089	12
6369091	12
6369093	12
6369095	12
6391182	12
6391224	12
6391227	12
6391228	13
6391230	13
6391232	13
6391234	13
6391236	13
6412530	13
6412553	13
6412555	13
6412556	13
6412556	13
6412557	13
6412558	13
6412559	13
6432993	14
6433016	14
6433017	14
6433018	14
6433019	14
6433020	14
6433021	14
6433021	14
6454141	14
6454160	14
6454161	14
6454162	14
6454163	14
6454164	14
6454165	15
6454333	15
6454335	15
6476045	15
6476053	15
6476055	15
6476056	15
6476056	15
6476057	15
6476058	15
6476059	15
6476060	15
6498465	15
6498506	15
6498509	16
6498511	16
6498513	16
6498515	16
6498517	16
6498519	16
6498521	16
6498523	16
6498525	16
6520324	16
6520341	16
6520344	16
6520347	16
6520349	16
6520352	17
6520354	17
6520357	17
6541499	17
6541535	17
6541538	17
6541540	17
6541542	17
6541544	17
6541546	17
6541547	17
6541549	17
6541551	17
6541553	17
6563105	17
6563142	17
6563145	18
6563147	18
6563149	18
6563151	18
6563153	18
6563155	18
6563156	18
6563158	18
6563160	18
6584382	18
6584402	18
6584403	18
6584404	18
6584405	18
6584406	18
6584407	18
6584438	18
6584439	19
6584470	19
6605903	19
6605921	19
6605923	19
6605924	19
6605925	19
6605926	19
6605927	19
6605927	19
6605967	19
6605968	19
6605969	19
6627778	19
6627825	19
6627829	19
6627831	19
6627834	19
6627837	20
6627839	20
6627842	20
6627845	20
6627847	20
6627850	20
6627852	20
6648897	20
6648932	20
6648935	20
6648937	20
6648938	20
6648940	20
6648942	20
6648944	20
6648946	20
6648948	20
6648950	20
6649458	20
6670703	20
6670740	21
6670743	21
6670745	21
6670747	21
6670749	21
6670751	21
6671061	21
6671064	21
6671066	21
6671068	21
6671070	21
6671089	21
6671091	20
6671093	19
6692688	18
6692696	18
6692698	17
6692700	17
6692702	16
6692703	16
6692705	15
6692729	15
6692731	15
6692733	14
6692734	14
6713835	14
6735759	14
6735779	14
6735780	14
6735781	14
6735782	14
6735783	15
6735784	15
6735785	15
6735786	15
6758095	15
6758146	15
6758149	15
6758152	15
6758154	15
6758157	15
6758159	15
6758162	15
6758164	15
6780360	15
6780382	16
6780383	16
6780384	16
6780385	16
6780386	16
6780387	16
6802438	16
6802480	16
6802483	16
6802485	16
6802486	16
6802488	16
6802490	16
6802492	16
6802494	16
6802496	17
6824351	17
6824373	17
6824375	17
6824376	17
6824376	17
6824377	17
6824378	17
6824379	17
6824380	17
6824381	17
6824382	17
6845451	17
6845498	17
6845501	17
6845504	17
6845507	17
6845510	18
6845513	18
6845516	18
6845518	18
6845572	18
6845576	18
6867013	18
6867033	18
6867034	18
6867035	18
6867036	18
6867037	18
6867038	18
6867039	18
6867040	18
6867257	18
6867259	18
6889026	18
6889036	19
6889037	19
6889038	19
6889038	19
6889039	19
6889315	19
6889316	19
6889317	19
6889319	19
6889320	19
6889321	19
6889321	19
6889322	19
6889323	19
6910573	19
6910588	19
6910591	19
6910592	19
6910595	20
6910596	20
6910598	20
6910600	20
6910602	20
6910604	20
6910606	20
6910608	20
6910610	20
6932776	20
6932791	20
6932793	20
6932795	20
6932798	20
6932800	20
6932802	20
6932804	20
6932806	20
6932808	20
6932810	20
6932812	21
6954731	21
6954740	21
6954742	21
6954743	21
6954744	21
6954745	21
6954746	21
6954747	21
6954747	21
6954763	21
6954764	20
6954765	19
6976755	19
6976803	19
6976851	19
6976852	19
6976853	19
6976854	19
6976933	19
6976936	19
6976939	19
6997840	19
6997855	19
6997857	19
6997859	20
6997861	20
6997863	20
6997864	20
6997867	20
6997869	20
6997870	20
6998038	20
6998040	20
7019063	20
7019074	20
7019075	20
7019076	20
7019077	20
7019078	20
7019079	20
7019080	20
7019081	20
7019082	20
7019083	21
7019084	21
7019084	21
7040360	21
7040366	21
7040367	21
7040380	21
7040381	20
7040381	19
7040382	18
7040383	18
7040384	17
7040385	17
7040385	16
7040386	16
7061402	16
7061619	16
7061620	16
7061621	16
7083486	16
7083500	16
7083502	16
7083504	16
7083506	16
7083508	16
7083510	16
7083512	16
7083514	16
7083516	17
7105435	17
7105444	17
7105445	17
7105446	17
7105447	17
7105448	17
7105449	17
7105450	17
7105451	17
7105452	17
7105453	17
7126698	17
7126713	17
7126714	17
7126715	17
7126716	17
7126717	18
7126718	18
7126719	18
7126720	18
7126721	18
7126721	18
7147833	18
7147853	18
7147856	18
7147859	18
7147861	18
7147864	18
7147900	18
7147903	17
7147906	16
7147908	15
7169756	15
7169765	15
7169766	15
7169767	15
7169767	15
7191438	16
7191460	16
7191463	16
7191466	16
7191468	16
7191471	16
7191473	16
7191476	16
7191478	16
7213394	16
7213414	16
7213417	16
7213419	16
7213454	16
7213457	15
7213459	14
7213462	13
7213464	13
7234867	13
7234880	13
7234882	13
7234884	14
7256962	14
7257045	14
7257046	14
7257048	14
7257049	14
7257050	14
7257051	14
7257052	14
7257053	14
7278816	14
7278836	14
7278839	14
7278841	14
7278844	14
7278882	14
7278885	13
7300852	13
7300859	13
7300861	12
7300863	12
7300864	11
7323018	11
7343852	11
7343874	11
7343905	11
7343908	10
7365814	10
7365823	11
7387110	11
7387185	11
7387186	11
7387187	11
7387188	11
7387189	11
7387190	11
7408948	11
7408966	11
7408969	11
7408972	12
7408974	12
7408977	12
7408979	12
7429854	12
7429863	12
7429864	12
7429865	12
7429866	12
7429867	12
7429880	12
7451465	12
7451529	12
7451532	12
7451535	12
7451538	12
7451543	13
7473398	13
7473418	13
7473420	13
7473421	13
7473422	13
7473423	13
7473423	13
7473424	13
7495594	13
7495647	13
7495651	13
7495653	13
7495656	14
7495659	14
7495661	14
7516818	14
7516854	14
7516857	14
7516859	14
7516862	14
7516864	14
7516866	14
7516868	14
7516870	14
7538803	14
7538822	15
7538823	15
7538824	15
7538825	15
7538826	15
7538827	15
7538828	15
7559916	15
7559951	15
7559954	15
7559956	15
7559958	15
7559960	15
7559962	15
7559964	16
7559966	16
7580894	16
7580929	16
7580931	16
7580952	16
7580954	15
7580956	14
7580957	13
7580959	13
7603012	13
7603018	13
7603019	12
7603019	12
7625039	12
7647296	12
7647338	12
7647341	12
7647344	12
7647346	12
7647934	12
7647938	12
7647941	12
7668456	12
7668477	12
7668478	12
7668492	12
7668493	11
7668494	10
7669410	9
7669416	9
7669417	8
7690466	8
7690486	9
7713004	9
7713040	9
7713043	9
7713045	9
7713047	9
7713049	9
7735286	9
7735315	9
7735318	10
7735321	10
7735324	10
7735327	10
7757321	10
7757361	10
7757364	10
7757366	10
7757368	10
7757370	10
7778880	11
7778929	11
7778932	11
7778935	11
7778937	11
7778940	11
7800327	11
7800347	11
7800348	11
7800349	11
7800350	11
7800351	12
7800351	12
7822079	12
7822098	12
7822099	12
7822100	12
7822101	12
7822102	12
7822103	12
7822104	12
7844073	12
7844105	12
7844108	13
7844110	13
7844112	13
7844114	13
7844116	13
7844118	13
7864559	13
7864582	13
7864583	13
7864584	13
7864585	13
7864586	13
7864587	13
7864587	14
7886729	14
7886783	14
7886837	14
7886838	14
7886839	14
7886841	14
7886841	14
7886842	14
7886843	14
7908352	14
7908391	14
7908395	14
7908397	15
7908399	15
7908401	15
7908404	15
7908406	15
7930235	15
7930284	15
7930288	15
7930291	15
7930294	15
7930296	15
7930299	15
7930302	15
7930798	15
7951449	15
7951498	16
7951502	16
7951505	16
7951508	16
7951511	16
7951514	16
7951517	16
7951520	16
7951522	16
7951525	16
7972717	16
7972750	16
7972753	16
7972755	16
7972757	17
7972759	17
7972761	17
7972763	17
7972765	17
7994335	17
7994382	17
7994386	17
7994388	17
7994392	17
7994395	17
7994397	17
7994400	17
7994403	17
8015889	17
8015931	17
8015961	17
8015964	16
8015967	15
8015969	14
8015971	14
8015974	13
8015976	13
8037416	13
8037421	13
8037422	12
8058978	12
8079935	13
8079986	13
8079990	13
8079992	13
8079995	13
8079997	13
8080000	13
8080002	13
8100890	13
8100926	13
8100928	13
8100930	13
8100932	13
8100934	14
8100936	14
8100939	14
8122864	14
8122946	14
8122949	14
8122951	14
8122954	14
8122956	14
8122958	14
8122960	14
8122962	14
8143512	14
8143610	15
8143614	15
8143617	15
8143619	15
8143622	15
8143624	15
8143627	15
8165108	15
8165131	15
8165132	15
8165133	15
8165134	15
8165134	15
8165135	15
8165137	15
8165139	16
8186138	16
8186160	16
8186161	16
8186162	16
8186163	16
8186164	16
8186165	16
8186166	16
8186532	16
8186534	16
8208215	16
8208269	16
8208273	16
8208275	16
8208278	16
8208280	17
8208283	17
8208285	17
8208288	17
8208290	17
8208314	17
8208317	16
8230088	16
8230099	16
8230101	15
8230104	15
8230106	14
8230108	14
8251901	14
8274361	14
8274413	14
8274415	14
8274417	14
8274419	14
8274421	14
8274422	14
8274424	14
8274426	14
8296289	14
8296341	14
8296345	15
8296347	15
8296350	15
8296353	15
8296355	15
8296357	15
8296360	15
8317507	15
8317603	15
8317607	15
8317609	15
8317612	15
8317614	15
8317619	15
8317622	16
8339240	16
8339258	16
8339262	16
8339265	16
8339267	16
8339270	16
8339273	16
8339276	16
8339278	16
8339281	16
8360492	16
8360510	16
8360513	16
8360516	16
8360518	16
8360521	17
8360524	17
8360526	17
8360529	17
8360532	17
8381495	17
8381512	17
8381514	17
8381516	17
8381518	17
8381520	17
8381522	17
8381524	17
8381526	17
8381528	17
8381530	17
8402848	17
8402856	18
8402857	18
8402858	18
8402859	18
8402860	18
8402862	18
8402863	18
8402864	18
8402865	18
8402866	18
8424667	18
8424686	18
8424689	18
8424692	18
8425204	18
8425210	18
8425214	18
8425216	18
8425219	19
8425222	19
8425224	19
8446681	19
8446701	19
8446704	19
8446707	19
8446710	19
8446713	19
8446715	19
8446718	19
8446721	19
8446724	19
8446726	19
8446729	19
8446731	19
8446734	19
8446737	19
8467770	19
8467780	20
8467781	20
8467782	20
8467783	20
8467784	20
8467786	20
8467787	20
8467788	20
8467789	20
8467790	20
8489793	20
8489802	20
8489803	20
8489804	20
8489805	20
8489806	20
8489807	20
8489808	21
8489809	21
8489810	21
8510762	21
8510775	21
8510778	21
8510780	21
8510781	21
8510783	21
8510785	21
8510787	21
8510789	21
8511015	21
8511018	21
8511021	21
8511024	21
8533068	21
8533083	21
8533105	21
8533107	20
8533109	19
8533110	18
8533112	18
8533114	17
8533115	17
8533117	16
8533119	16
8533120	15
8554771	15
8554782	16
8554783	16
8576694	16
8576715	16
8576719	16
8576722	16
8576725	16
8576728	16
8576730	16
8576733	16
8598582	16
8598593	16
8598594	16
8598595	16
8598598	17
8598599	17
8598600	17
8598601	17
8598602	17
8620268	17
8620288	17
8620290	17
8620290	17
8620291	17
8620507	17
8620508	17
8620509	17
8620510	17
8620511	17
8620512	17
8641923	17
8641939	18
8641942	18
8641944	18
8641946	18
8641948	18
8641950	18
8641952	18
8641954	18
8641956	18
8641958	18
8641960	18
8641962	18
8663654	18
8663675	18
8663677	18
8663678	18
8663679	18
8663680	19
8663680	19
8663681	19
8663682	19
8663683	19
8684848	19
8684870	19
8684871	19
8684872	19
8684873	19
8684885	19
8684886	18
8684887	17
8684887	16
8684888	16
8684889	15
8705508	15
8705530	15
8705531	15
8705532	15
8705609	15
8726779	15
8726809	15
8726811	15
8726812	16
8726813	16
8726814	16
8726904	16
8726906	16
8726907	16
8748094	16
8748113	16
8748116	16
8748119	16
8748122	16
8748125	16
8748128	16
8748131	16
8748133	16
8769966	17
8769982	17
8769985	17
8769986	17
8769988	17
8769990	17
8769992	17
8769994	17
8769996	17
8792313	17
8792331	17
8792369	17
8792373	16
8792375	15
8792378	14
8792381	14
8792383	13
8792386	13
8792388	12
8813432	12
8813453	12
8834607	12
8834616	13
8834617	13
8834618	13
8834619	13
8834620	13
8834621	13
8834622	13
8855966	13
8856312	13
8856314	13
8856315	13
8856316	13
8856317	13
8856318	14
8856319	14
8877113	14
8877165	14
8877169	14
8877172	14
8877174	14
8877177	14
8877179	14
8877182	14
8877184	14
8898635	14
8898657	14
8898659	14
8898660	15
8898661	15
8898662	15
8898662	15
8898663	15
8898664	15
8920355	15
8920363	15
8920365	15
8920366	15
8920366	15
8920368	15
8920368	15
8920369	15
8941604	16
8941625	16
8941626	16
8941627	16
8941628	16
8941629	16
8941629	16
8941630	16
8941739	16
8962571	16
8962591	16
8962592	16
8962593	16
8962594	16
8962595	16
8962596	16
8962597	17
8962598	17
8962599	17
8983806	17
8983826	17
8983827	17
8983828	17
8983829	17
8983891	17
8983893	17
8983894	17
8983896	17
8983897	17
9005613	17
9005649	17
9005652	17
9005654	18
9005656	18
9005657	18
9005659	18
9005661	18
9005663	18
9005665	18
9005667	18
9027709	18
9027754	18
9027758	18
9027761	18
9027764	18
9027766	18
9027769	18
9027772	18
9027774	18
9027777	19
9049746	19
9049795	19
9049799	19
9049801	19
9049804	19
9049806	19
9049809	19
9049811	19
9049814	19
9049817	19
9049820	19
9050564	19
9071626	19
9071645	19
9071646	19
9071648	19
9071649	19
9071650	19
9071652	20
9071653	20
9071678	20
9071687	20
9071688	20
9071710	20
9071815	20
9071818	20
9071819	20
9071820	20
9093604	20
9093623	20
9093625	20
9093626	20
9093627	20
9093628	20
9093629	20
9093630	20
9093632	21
9093632	21
9093633	21
9093634	21
9093659	21
9093675	21
9114627	21
9114648	21
9114649	21
9114651	21
9114653	21
9114655	21
9114656	21
9114657	21
9114658	21
9114659	21
9114660	21
9114661	21
9114662	21
9136171	21
9136210	21
9136213	22
9136215	22
9136217	22
9136219	22
9136221	22
9136223	22
9136225	22
9136227	22
9136229	22
9136422	22
9136455	22
9157805	22
9157826	22
9157850	22
9157851	21
9157852	20
9157854	19
9157855	19
9157856	18
9157857	18
9157858	17
9157859	17
9157860	16
9157861	16
9157891	15
9157935	15
9157937	14
9157954	14
9251271	1
9251331	1
9251339	1
9251344	1
9251348	1
9251353	1
9251357	1
9251361	1
9251367	1
9251371	1
9251375	1
9251379	1
9251384	1
9251388	1
9251392	1
9251396	1
9251401	1
9251405	1
9272728	1
9272747	1
9272948	1
9272949	1
9272950	1
9272951	1
9272952	1
9272953	1
9272953	1
9272954	1
9272955	1
9272956	1
9272956	1
9272957	1
9272958	1
9272959	1
9295098	1
9295154	2
9316156	2
9316192	3
9338141	3
9338174	3
9359533	4
9359554	4
9380190	4
9380243	4
9380246	5
9401245	5
9401266	5
9401267	5
9422838	5
9422875	6
9422877	6
9443500	6
9443557	6
9443561	6
9443563	6
9464627	7
9464684	7
9464688	7
9464690	7
9486589	7
9486609	7
9486610	7
9486611	8
9486612	8
9508632	8
9508671	8
9508674	8
9508676	8
9508679	8
9530585	8
9530607	9
9530608	9
9530609	9
9530610	9
9552145	9
9552187	9
9552190	9
9552192	9
9552194	10
9573946	10
9573986	10
9573989	10
9573991	10
9573992	10
9573994	10
9595863	10
9595919	10
9595923	10
9595926	11
9595929	11
9595932	11
9617608	11
9617629	11
9617630	11
9617631	11
9617632	11
9617633	11
9617634	11
9639522	11
9639541	12
9639542	12
9639543	12
9639544	12
9639545	12
9639546	12
9661555	12
9661574	12
9661576	12
9661577	12
9661578	12
9661579	12
9661579	13
9661580	13
9683911	13
9683995	13
9683998	13
9684001	13
9684004	13
9684006	13
9684294	13
9705107	13
9705177	13
9705178	13
9705179	14
9705180	14
9705181	14
9705182	14
9705183	14
9705184	14
9705185	14
9705185	14
9726371	14
9726409	14
9726411	14
9726413	14
9726415	14
9726417	14
9726419	15
9726421	15
9726422	15
9747791	15
9747838	15
9747867	15
9747870	14
9747872	13
9747874	12
9747877	12
9747879	11
9769110	11
9769130	11
9769132	11
9790975	11
9791032	11
9791036	11
9791038	11
9791041	11
9791043	11
9791046	12
9812840	12
9812861	12
9812863	12
9812863	12
9812878	12
9812879	11
9812880	10
9834284	10
9834334	10
9834338	10
9834340	10
9855372	10
9855391	10
9855392	10
9855393	10
9855394	11
9855395	11
9876699	11
9876720	11
9876721	11
9876722	11
9876723	11
9876724	11
9876725	11
9898862	11
9898915	11
9898916	12
9898917	12
9898918	12
9898919	12
9898920	12
9919804	12
9919824	12
9919825	12
9919826	12
9919827	12
9919828	12
9919829	13
9941406	13
9941447	13
9941450	13
9941451	13
9941453	13
9941473	13
9941475	12
9963200	12
9963251	12
9963254	12
9963257	12
9963259	12
9984613	12
9984621	11
9984623	10
10006800	10
10028012	10
10050204	10
10072122	10
10072142	10
10072144	10
10072144	10
10094146	10
10094176	10
10094177	9
10094178	8
10116030	8
10116035	8
10137831	8
10159233	9
10159283	9
10159286	9
10159289	9
10159291	9
10180659	9
10180710	9
10180713	9
10180716	10
10180719	10
10202531	10
10202567	10
10202570	10
10202572	10
10202574	10
10202575	10
10224257	10
10224267	10
10224268	11
10224269	11
10224270	11
10224271	11
10246326	11
10246349	11
10246350	11
10246351	11
10246352	11
10246353	11
10246354	11
10267498	12
10267519	12
10267520	12
10267521	12
10267522	12
10267592	12
10267595	12
10289772	12
10289783	12
10289784	12
10289786	12
10289787	12
10289788	13
10289790	13
10289791	13
10311373	13
10311391	13
10311394	13
10311397	13
10311400	13
10311403	13
10311405	13
10311408	13
10332069	13
10332092	13
10332093	14
10332094	14
10332095	14
10332096	14
10332097	14
10332097	14
10354005	14
10354024	14
10354025	14
10354026	14
10354027	14
10354028	14
10354029	14
10354030	14
10354031	15
10375045	15
10375111	15
10375112	15
10375199	15
10375541	15
10375543	15
10375544	15
10375545	15
10375546	15
10395921	15
10395930	15
10396010	15
10396011	15
10396012	15
10396013	16
10396014	16
10396015	16
10396016	16
10396017	16
10417636	16
10417645	16
10417646	16
10417647	16
10417648	16
10417649	16
10417662	16
10438947	16
10438953	16
10438954	15
10438955	15
10438956	14
10438957	14
10438958	13
10459488	13
10481374	13
10481384	13
10481398	13
10481399	12
10481399	11
10481400	10
10502955	10
10502960	10
10502961	9
10524551	9
10546805	10
10546829	10
10546832	10
10546835	10
10546837	10
10546840	10
10568053	10
10568066	10
10568069	10
10568070	10
10568072	11
10568074	11
10589705	11
10589725	11
10589728	11
10589731	11
10589733	11
10589736	11
10589739	11
10611742	11
10611756	11
10611759	12
10611761	12
10611763	12
10611764	12
10611766	12
10632690	12
10632711	12
10632712	12
10632713	12
10633814	12
10633879	12
10633882	12
10633884	13
10654726	13
10654803	13
10654806	13
10654808	13
10654810	13
10654812	13
10654814	13
10654816	13
10654818	13
10676772	13
10676822	13
10676826	14
10677230	14
10677232	14
10677233	14
10677233	14
10697962	14
10697972	13
10697974	12
10697975	11
10697977	11
10697979	10
10697980	10
10697982	9
10697984	9
10719948	9
10742001	9
10742012	9
10742013	9
10742014	9
10742015	9
10742016	9
10763916	10
10763962	10
10763966	10
10763969	10
10763971	10
10785165	10
10785200	10
10785202	9
10785202	8
10785203	7
10806451	7
10827573	7
10827610	7
10827613	8
10827615	8
10849576	8
10849627	8
10849630	8
10849633	8
10849636	8
10871568	8
10871624	9
10871628	9
10871631	9
10871633	9
10892495	9
10892515	9
10892517	9
10892518	9
10892519	9
10892519	10
10914141	10
10914150	10
10914151	10
10914152	10
10914153	10
10914154	10
10934437	10
10934457	10
10934458	10
10934459	11
10934532	11
10956148	11
10956180	11
10956182	10
10956183	9
10978449	9
10978460	9
10999871	9
11022212	9
11022232	9
11022233	9
11022234	9
11022235	9
11044352	9
11044402	9
11044406	10
11044408	10
11044411	10
11066140	10
11066163	10
11066164	10
11066166	10
11087167	10
11087188	11
11087380	11
11087382	11
11087384	11
11087391	11
11109023	11
11109044	11
11109046	11
11109047	11
11109048	11
11109049	11
11109092	12
11109094	12
11109097	12
11130791	12
11130899	12
11130903	11
11130906	10
11130908	9
11130911	9
11152732	9
11152778	9
11174816	9
11174835	9
11174836	9
11174837	9
11174903	9
11174905	9
11196879	10
11196903	10
11196905	10
11196906	10
11196982	10
11196984	10
11218047	10
11218067	10
11218068	10
11218069	10
11218070	11
11218206	11
11239604	11
11239625	11
11239626	11
11239627	11
11239628	11
11239629	11
11239676	11
11239707	11
11239730	11
11261689	12
11261740	12
11261743	12
11261746	12
11261749	12
11261752	12
11261754	12
11283856	12
11283905	12
11283909	12
11283946	12
11283949	11
11283952	10
11283954	9
11305968	9
11305973	8
11461505	1
11461543	1
11461545	1
11461547	1
11461549	1
11461551	1
11461552	1
11461554	1
11461555	1
11483162	1
11483217	1
11483221	1
11483223	1
11483225	1
11483227	1
11483230	1
11483232	1
11483234	1
11504368	1
11526493	2
11549005	2
11549059	3
11569812	3
11569833	3
11591802	4
11612930	4
11612956	4
11634807	4
11656656	4
11678805	4
11678897	4
11678901	4
11699669	5
11699680	5
11721791	5
11721811	5
11721812	6
11743773	6
11743782	6
11743783	6
11743784	6
11764827	6
11764883	7
11764887	7
11764890	7
11786739	7
11786786	7
11786787	7
11786788	7
11786789	8
11808734	8
11808755	8
11808756	8
11808757	8
11808758	8
11829958	8
11830012	8
11830016	9
11830019	9
11830021	9
11851897	9
11851929	9
11851932	9
11851934	9
11851983	9
11851986	9
11873632	10
11873651	10
11873652	10
11873653	10
11873666	10
11894904	10
11894952	10
11894956	10
11894958	10
11894961	10
11916855	10
11916896	10
11916899	10
11916901	10
11916903	11
11939008	11
11939171	11
11939205	11
11939209	10
11939213	9
11939216	8
11960802	8
11960838	8
11982920	8
11982939	8
11982940	8
11982941	8
11982942	8
12004579	8
12004909	9
12004937	9
12004939	9
12004941	9
12026601	9
12026620	9
12026622	9
12026623	9
12026624	9
12026625	10
12026625	10
12048819	10
12048869	10
12048870	10
12048871	10
12048873	10
12069849	10
12069872	10
12069873	11
12069874	11
12069875	11
12091923	11
12091999	11
12092003	10
12092489	9
12092492	8
12092495	8
12112956	8
12113019	8
12113022	8
12134972	8
12134983	8
12134986	8
12134988	8
12134990	9
12156905	9
12156924	9
12156926	9
12156926	9
12156927	9
12156928	9
12178402	9
12178459	9
12178462	10
12178465	10
12178467	10
12178470	10
12200217	10
12200257	10
12200260	10
12200262	10
12200264	10
12222146	11
12222167	11
12222169	11
12222170	11
12222171	11
12244156	11
12244194	11
12244199	10
12244203	9
12244205	8
12244207	8
12265693	8
12265706	8
12287670	8
12287688	8
12287690	8
12287691	9
12287691	9
12309680	9
12309702	9
12309703	9
12309704	9
12309705	9
12309705	9
12331836	9
12331855	10
12331856	10
12331857	10
12331858	10
12331859	10
12353808	10
12353844	10
12353847	10
12353849	10
12353850	10
12375703	10
12375761	10
12375765	9
12375767	8
12396836	8
12396844	8
12417933	8
12439547	9
12439599	9
12439602	9
12439605	9
12439608	9
12461143	9
12461192	9
12461196	9
12461198	9
12461201	10
12461203	10
12482909	10
12482930	10
12482931	10
12482932	10
12482933	10
12482934	10
12505053	10
125050