1619608010.330826, 0
1619608010.344338, 0
1619608010.358316, 2
1619608010.373249, 0
1619608010.387372, 3
1619608010.402285, 4
1619608010.417515, 6
1619608010.431428, 7
1619608010.446272, 12
1619608010.460335, 18
1619608010.474270, 20
1619608010.487354, 21
1619608010.501315, 24
1619608010.514302, 30
1619608010.529292, 34
1619608010.543362, 36
1619608010.557315, 39
1619608010.571353, 44
1619608010.584373, 46
1619608010.598370, 51
1619608010.613319, 56
1619608010.627523, 61
1619608010.641299, 63
1619608010.654300, 67
1619608010.668286, 71
1619608010.680962, 75
1619608010.693818, 79
1619608010.708885, 84
1619608010.723070, 88
1619608010.736839, 92
1619608010.750889, 96
1619608010.764954, 100
1619608010.778937, 103
1619608010.793436, 107
1619608010.806933, 111
1619608010.821038, 116
1619608010.835188, 118
1619608010.849974, 124
1619608010.864045, 129
1619608010.878556, 133
1619608010.893573, 138
1619608010.908558, 141
1619608010.922607, 146
1619608010.936562, 149
1619608010.950575, 154
1619608010.965079, 158
1619608010.978832, 162
1619608010.994316, 165
1619608011.009294, 170
1619608011.024362, 174
1619608011.038354, 178
1619608011.052258, 182
1619608011.066177, 186
1619608011.079230, 191
1619608011.093215, 195
1619608011.107399, 200
1619608011.122516, 200
1619608011.135567, 199
1619608011.149508, 200
1619608011.163719, 199
1619608011.177606, 199
1619608011.191701, 199
1619608011.205572, 200
1619608011.220576, 200
1619608011.234392, 199
1619608011.247318, 199
1619608011.260869, 199
1619608011.274661, 198
1619608011.288582, 200
1619608011.302628, 199
1619608011.316701, 199
1619608011.330623, 199
1619608011.344141, 200
1619608011.357877, 200
1619608011.371642, 199
1619608011.384163, 200
1619608011.397399, 199
1619608011.410670, 199
1619608011.424687, 199
1619608011.437656, 199
1619608011.451726, 199
1619608011.465644, 200
1619608011.478772, 200
1619608011.492753, 200
1619608011.506741, 200
1619608011.520702, 199
1619608011.535940, 200
1619608011.549776, 199
1619608011.563871, 200
1619608011.577777, 200
1619608011.591867, 199
1619608011.606858, 199
1619608011.621872, 199
1619608011.635929, 199
1619608011.649820, 199
1619608011.663940, 199
1619608011.677794, 200
1619608011.691929, 200
1619608011.704789, 200
1619608011.718798, 199
1619608011.732814, 199
1619608011.746833, 199
1619608011.760812, 200
1619608011.774812, 199
1619608011.788803, 199
1619608011.802946, 199
1619608011.816497, 200
1619608011.829719, 199
1619608011.844424, 199
1619608011.857989, 200
1619608011.871986, 200
1619608011.886109, 199
1619608011.900082, 199
1619608011.914043, 198
1619608011.928083, 199
1619608011.941984, 198
1619608011.956227, 197
1619608011.970013, 197
1619608011.984052, 197
1619608011.998242, 198
1619608012.012398, 198
1619608012.027310, 198
1619608012.041311, 197
1619608012.055398, 197
1619608012.069252, 196
1619608012.083370, 196
1619608012.097307, 197
1619608012.111373, 195
1619608012.125409, 196
1619608012.139396, 196
1619608012.153335, 195
1619608012.167356, 195
1619608012.182353, 196
1619608012.197510, 196
1619608012.211611, 195
1619608012.227488, 195
1619608012.242454, 194
1619608012.256412, 195
1619608012.269674, 193
1619608012.283021, 193
1619608012.297103, 195
1619608012.311175, 199
1619608012.324137, 199
1619608012.336870, 200
1619608012.350097, 200
1619608012.364112, 200
1619608012.378017, 200
1619608012.392278, 199
1619608012.405393, 200
1619608012.420287, 199
1619608012.434414, 200
1619608012.447649, 200
1619608012.460959, 199
1619608012.474291, 200
1619608012.488381, 200
1619608012.502478, 198
1619608012.515758, 199
1619608012.529070, 198
1619608012.542082, 200
1619608012.554709, 199
1619608012.569006, 199
1619608012.583127, 199
1619608012.597199, 198
1619608012.610445, 199
1619608012.624543, 200
1619608012.638670, 200
1619608012.652856, 198
1619608012.666976, 200
1619608012.681177, 199
1619608012.695391, 199
1619608012.709384, 198
1619608012.723580, 199
1619608012.737608, 199
1619608012.750912, 199
1619608012.765006, 199
1619608012.779072, 200
1619608012.792379, 199
1619608012.805649, 199
1619608012.819396, 200
1619608012.833413, 199
1619608012.847563, 199
1619608012.860780, 199
1619608012.873844, 199
1619608012.887434, 199
1619608012.900745, 199
1619608012.913925, 199
1619608012.928100, 200
1619608012.941394, 200
1619608012.955570, 199
1619608012.968764, 199
1619608012.982932, 200
1619608012.997000, 198
1619608013.010582, 200
1619608013.023779, 199
1619608013.037693, 200
1619608013.052653, 200
1619608013.065918, 198
1619608013.080116, 200
1619608013.093425, 197
1619608013.106935, 199
1619608013.120833, 198
1619608013.135017, 200
1619608013.149106, 200
1619608013.162292, 200
1619608013.176463, 200
1619608013.190568, 198
1619608013.205512, 197
1619608013.220465, 196
1619608013.235537, 198
1619608013.249494, 199
1619608013.263407, 197
1619608013.277839, 196
1619608013.292389, 196
1619608013.306214, 197
1619608013.320048, 196
1619608013.333819, 196
1619608013.347716, 197
1619608013.361488, 197
1619608013.375409, 200
1619608013.389134, 197
1619608013.402933, 198
1619608013.418272, 196
1619608013.432105, 194
1619608013.446729, 194
1619608013.461354, 197
1619608013.476030, 199
1619608013.489703, 198
1619608013.503757, 197
1619608013.518691, 200
1619608013.532031, 198
1619608013.546584, 195
1619608013.560398, 195
1619608013.574180, 195
1619608013.588108, 195
1619608013.601173, 195
1619608013.615101, 195
1619608013.628885, 197
1619608013.642748, 197
1619608013.656493, 199
1619608013.670600, 197
1619608013.684958, 198
1619608013.698011, 196
1619608013.712697, 196
1619608013.726608, 197
1619608013.740404, 198
1619608013.754213, 199
1619608013.768946, 198
1619608013.782702, 200
1619608013.796657, 196
1619608013.809591, 195
1619608013.823657, 197
1619608013.837956, 198
1619608013.851879, 199
1619608013.864854, 199
1619608013.878682, 199
1619608013.892562, 197
1619608013.906335, 200
1619608013.919462, 199
1619608013.933388, 199
1619608013.948003, 200
1619608013.962648, 200
1619608013.977320, 198
1619608013.991858, 197
1619608014.005705, 197
1619608014.019630, 198
1619608014.034098, 196
1619608014.047158, 196
1619608014.060306, 197
1619608014.074157, 199
1619608014.087705, 199
1619608014.101454, 197
1619608014.115394, 200
1619608014.129881, 196
1619608014.143855, 195
1619608014.157909, 197
1619608014.171756, 197
1619608014.185535, 198
1619608014.199439, 197
1619608014.213969, 199
1619608014.228579, 197
1619608014.243382, 197
1619608014.257192, 196
1619608014.271066, 199
1619608014.285158, 200
1619608014.299361, 197
1619608014.312872, 196
1619608014.325975, 197
1619608014.339583, 195
1619608014.353184, 197
1619608014.367354, 195
1619608014.380802, 196
1619608014.394984, 197
1619608014.408545, 199
1619608014.423389, 198
1619608014.436411, 199
1619608014.449412, 197
1619608014.462442, 195
1619608014.476007, 195
1619608014.489016, 196
1619608014.502593, 196
1619608014.516817, 197
1619608014.530931, 196
1619608014.544850, 196
1619608014.558431, 197
1619608014.572676, 195
1619608014.587582, 196
1619608014.601204, 196
1619608014.614814, 199
1619608014.628923, 198
1619608014.642544, 198
1619608014.656756, 196
1619608014.670344, 196
1619608014.684496, 194
1619608014.698112, 193
1619608014.712240, 195
1619608014.725806, 199
1619608014.739999, 197
1619608014.754090, 199
1619608014.767969, 198
1619608014.781232, 195
1619608014.794471, 196
1619608014.807707, 196
1619608014.821282, 197
1619608014.835086, 197
1619608014.848615, 197
1619608014.862542, 197
1619608014.876973, 197
1619608014.890889, 197
1619608014.904812, 196
1619608014.918700, 196
1619608014.932783, 198
1619608014.947302, 198
1619608014.961157, 198
1619608014.974731, 197
1619608014.988335, 198
1619608015.001903, 196
1619608015.014911, 195
1619608015.027833, 196
1619608015.041365, 197
1619608015.055066, 199
1619608015.068435, 196
1619608015.082584, 195
1619608015.096233, 191
1619608015.109748, 186
1619608015.122706, 184
1619608015.136284, 181
1619608015.150363, 178
1619608015.163866, 174
1619608015.178038, 172
1619608015.191728, 169
1619608015.205382, 167
1619608015.219518, 163
1619608015.233058, 159
1619608015.247156, 156
1619608015.260171, 153
1619608015.273180, 150
1619608015.286935, 148
1619608015.300852, 143
1619608015.315139, 139
1619608015.329303, 133
1619608015.342783, 133
1619608015.356362, 133
1619608015.370570, 132
1619608015.384136, 132
1619608015.397725, 131
1619608015.411929, 132
1619608015.426070, 131
1619608015.439864, 131
1619608015.453339, 131
1619608015.467687, 131
1619608015.481918, 131
1619608015.496035, 131
1619608015.510161, 131
1619608015.523473, 132
1619608015.537250, 132
1619608015.550833, 134
1619608015.565036, 131
1619608015.578641, 130
1619608015.592748, 129
1619608015.606276, 130
1619608015.619315, 129
1619608015.632774, 127
1619608015.646324, 125
1619608015.659851, 123
1619608015.673471, 121
1619608015.686479, 119
1619608015.699310, 116
1619608015.712536, 112
1619608015.726855, 112
1619608015.740427, 113
1619608015.753907, 110
1619608015.766964, 110
1619608015.780584, 110
1619608015.794730, 110
1619608015.808796, 109
1619608015.822299, 108
1619608015.835873, 108
1619608015.849524, 109
1619608015.862451, 110
1619608015.876115, 108
1619608015.889445, 106
1619608015.902798, 106
1619608015.916291, 107
1619608015.930417, 105
1619608015.944111, 105
1619608015.957593, 105
1619608015.971193, 106
1619608015.985369, 105
1619608015.998936, 104
1619608016.013099, 102
1619608016.027410, 101
1619608016.042038, 103
1619608016.055658, 101
1619608016.069329, 101
1619608016.083750, 100
1619608016.097948, 100
1619608016.112166, 100
1619608016.125747, 98
1619608016.140507, 98
1619608016.153579, 101
1619608016.167632, 100
1619608016.181211, 99
1619608016.194804, 98
1619608016.208397, 98
1619608016.222000, 99
1619608016.237058, 97
1619608016.252182, 97
1619608016.266110, 95
1619608016.279694, 93
1619608016.293965, 92
1619608016.308086, 90
1619608016.322053, 90
1619608016.336557, 91
1619608016.350235, 91
1619608016.364835, 90
1619608016.378671, 89
1619608016.392837, 90
1619608016.406417, 91
1619608016.420007, 90
1619608016.434125, 91
1619608016.448216, 89
1619608016.461891, 87
1619608016.475460, 86
1619608016.488953, 85
1619608016.503036, 85
1619608016.517410, 86
1619608016.531015, 86
1619608016.544107, 84
1619608016.557753, 84
1619608016.571342, 85
1619608016.585266, 85
1619608016.598774, 83
1619608016.612210, 84
1619608016.625936, 84
1619608016.639766, 83
1619608016.652752, 84
1619608016.666322, 81
1619608016.680776, 82
1619608016.694192, 84
1619608016.708267, 85
1619608016.722471, 84
1619608016.736032, 83
1619608016.750118, 84
1619608016.763746, 84
1619608016.778217, 84
1619608016.791886, 85
1619608016.806049, 85
1619608016.819411, 84
1619608016.833393, 85
1619608016.847258, 83
1619608016.861073, 82
1619608016.875048, 82
1619608016.889003, 81
1619608016.903288, 81
1619608016.917151, 80
1619608016.930736, 80
1619608016.944235, 80
1619608016.957297, 80
1619608016.971097, 80
1619608016.984302, 83
1619608016.997246, 82
1619608017.010699, 82
1619608017.024104, 82
1619608017.037200, 81
1619608017.050751, 81
1619608017.065274, 82
1619608017.078750, 81
1619608017.092727, 81
1619608017.106083, 80
1619608017.119986, 81
1619608017.133794, 79
1619608017.147773, 78
1619608017.161792, 78
1619608017.175613, 78
1619608017.188503, 76
1619608017.202626, 77
1619608017.216151, 74
1619608017.230369, 74
1619608017.244130, 74
1619608017.257187, 74
1619608017.270194, 75
1619608017.283684, 73
1619608017.297624, 73
1619608017.311624, 74
1619608017.325171, 74
1619608017.339853, 73
1619608017.354013, 73
1619608017.368048, 74
1619608017.381807, 74
1619608017.396615, 75
1619608017.410050, 74
1619608017.424686, 74
1619608017.437808, 72
1619608017.451071, 72
1619608017.464114, 74
1619608017.477958, 73
1619608017.492567, 73
1619608017.506020, 72
1619608017.520455, 74
1619608017.534530, 73
1619608017.547938, 72
1619608017.561398, 74
1619608017.575616, 74
1619608017.589169, 75
1619608017.602513, 75
1619608017.615983, 75
1619608017.628986, 75
1619608017.642503, 74
1619608017.656094, 74
1619608017.669857, 74
1619608017.683083, 75
1619608017.697416, 75
1619608017.711098, 74
1619608017.724566, 74
1619608017.739410, 73
1619608017.753247, 74
1619608017.767797, 74
1619608017.781292, 75
1619608017.795202, 74
1619608017.808277, 74
1619608017.821691, 74
1619608017.836213, 73
1619608017.850514, 75
1619608017.864638, 75
1619608017.878187, 75
1619608017.892581, 74
1619608017.906353, 74
1619608017.920380, 75
1619608017.933884, 74
1619608017.946859, 75
1619608017.960730, 75
1619608017.974934, 76
1619608017.989763, 75
1619608018.003657, 75
1619608018.019084, 75
1619608018.033115, 74
1619608018.046703, 75
1619608018.060723, 75
1619608018.074496, 74
1619608018.089106, 74
1619608018.102191, 74
1619608018.115619, 74
1619608018.129137, 74
1619608018.143161, 74
1619608018.156698, 76
1619608018.170948, 77
1619608018.185928, 77
1619608018.199723, 75
1619608018.213390, 75
1619608018.227206, 75
1619608018.240162, 76
1619608018.253505, 75
1619608018.266722, 76
1619608018.280283, 76
1619608018.293634, 76
1619608018.307614, 75
1619608018.321631, 75
1619608018.335372, 76
1619608018.349158, 75
1619608018.362753, 76
1619608018.376794, 75
1619608018.391333, 75
1619608018.405696, 74
1619608018.420719, 75
1619608018.433929, 76
1619608018.448047, 76
1619608018.462100, 76
1619608018.475014, 76
1619608018.490542, 77
1619608018.503545, 76
1619608018.517272, 77
1619608018.531457, 76
1619608018.544793, 78
1619608018.558383, 78
1619608018.572927, 77
1619608018.586753, 77
1619608018.600252, 77
1619608018.613905, 78
1619608018.627496, 76
1619608018.640784, 75
1619608018.653922, 77
1619608018.666906, 76
1619608018.679989, 76
1619608018.693675, 75
1619608018.707692, 75
1619608018.720957, 77
1619608018.734455, 77
1619608018.747451, 78
1619608018.761386, 77
1619608018.775432, 78
1619608018.790665, 77
1619608018.803902, 78
1619608018.818505, 78
1619608018.832139, 78
1619608018.845709, 77
1619608018.860198, 77
1619608018.874878, 78
1619608018.889766, 78
1619608018.904349, 77
1619608018.917420, 77
1619608018.931688, 77
1619608018.946078, 77
1619608018.960032, 77
1619608018.973982, 76
1619608018.987527, 78
1619608019.001354, 77
1619608019.015404, 77
1619608019.028894, 76
1619608019.042687, 78
1619608019.056685, 78
1619608019.070709, 77
1619608019.085291, 78
1619608019.099020, 77
1619608019.112828, 79
1619608019.126136, 78
1619608019.139801, 78
1619608019.153605, 79
1619608019.166618, 78
1619608019.179993, 78
1619608019.192924, 78
1619608019.207062, 78
1619608019.222295, 79
1619608019.236342, 77
1619608019.249731, 78
1619608019.263972, 78
1619608019.277391, 77
1619608019.290395, 77
1619608019.303978, 78
1619608019.316863, 78
1619608019.330438, 78
1619608019.344423, 78
1619608019.359030, 79
1619608019.373982, 78
1619608019.387983, 78
1619608019.401940, 79
1619608019.416409, 79
1619608019.429891, 79
1619608019.443543, 78
1619608019.456404, 79
1619608019.470309, 79
1619608019.483946, 79
1619608019.496655, 79
1619608019.509789, 78
1619608019.522994, 79
1619608019.536980, 79
1619608019.551368, 78
1619608019.565883, 78
1619608019.579513, 78
1619608019.592510, 78
1619608019.606454, 78
1619608019.620358, 78
1619608019.633681, 78
1619608019.646432, 79
1619608019.659515, 80
1619608019.673558, 79
1619608019.686658, 80
1619608019.700195, 79
1619608019.713053, 80
1619608019.726315, 80
1619608019.739821, 80
1619608019.753504, 81
1619608019.767759, 80
1619608019.781203, 79
1619608019.794223, 80
1619608019.807937, 81
1619608019.821914, 80
1619608019.835401, 80
1619608019.850350, 80
1619608019.863376, 79
1619608019.877389, 79
1619608019.890503, 79
1619608019.903378, 79
1619608019.916320, 79
1619608019.929771, 79
1619608019.944003, 80
1619608019.957741, 80
1619608019.971675, 82
1619608019.986010, 81
1619608019.999711, 80
1619608020.013940, 81
1619608020.027980, 82
1619608020.041884, 81
1619608020.055071, 80
1619608020.069351, 81
1619608020.084441, 81
1619608020.097763, 81
1619608020.111609, 80
1619608020.125758, 81
1619608020.139996, 82
1619608020.153833, 80
1619608020.167814, 79
1619608020.181556, 80
1619608020.195138, 80
1619608020.209031, 80
1619608020.223050, 79
1619608020.236505, 79
1619608020.250571, 79
1619608020.264556, 81
1619608020.278915, 81
1619608020.293133, 81
1619608020.306562, 81
1619608020.320073, 81
1619608020.333516, 81
1619608020.347426, 81
1619608020.360688, 81
1619608020.374777, 81
1619608020.389241, 81
1619608020.402708, 82
1619608020.416640, 80
1619608020.430013, 82
1619608020.444134, 81
1619608020.458796, 79
1619608020.472870, 81
1619608020.486329, 80
1619608020.500385, 81
1619608020.513916, 80
1619608020.527591, 81
1619608020.541069, 80
1619608020.554026, 82
1619608020.567849, 81
1619608020.581260, 82
1619608020.595902, 82
1619608020.609844, 82
1619608020.624207, 82
1619608020.638144, 82
1619608020.651796, 81
1619608020.665637, 83
1619608020.679446, 82
1619608020.693075, 82
1619608020.705856, 82
1619608020.719209, 83
1619608020.732755, 82
1619608020.746687, 82
1619608020.760898, 82
1619608020.774202, 82
1619608020.788674, 81
1619608020.801707, 81
1619608020.815993, 81
1619608020.830309, 82
1619608020.844877, 82
1619608020.858340, 82
1619608020.871365, 81
1619608020.884714, 82
1619608020.897573, 84
1619608020.911446, 83
1619608020.924874, 82
1619608020.938399, 83
1619608020.952389, 82
1619608020.965439, 83
1619608020.978416, 82
1619608020.992418, 84
1619608021.005450, 84
1619608021.018160, 83
1619608021.031295, 83
1619608021.044596, 83
1619608021.059741, 83
1619608021.073796, 83
1619608021.086973, 83
1619608021.101636, 82
1619608021.115352, 81
1619608021.129668, 81
1619608021.144437, 81
1619608021.158484, 82
1619608021.171672, 82
1619608021.185212, 82
1619608021.199205, 83
1619608021.212950, 84
1619608021.226693, 83
1619608021.240731, 84
1619608021.254246, 83
1619608021.267999, 83
1619608021.282100, 83
1619608021.295555, 83
1619608021.309012, 83
1619608021.322501, 83
1619608021.336928, 84
1619608021.350819, 84
1619608021.365079, 83
1619608021.378706, 85
1619608021.392655, 85
1619608021.406793, 83
1619608021.420973, 83
1619608021.435541, 83
1619608021.449466, 83
1619608021.463522, 83
1619608021.477033, 83
1619608021.491110, 83
1619608021.505139, 84
1619608021.519159, 84
1619608021.532224, 84
1619608021.545715, 84
1619608021.559523, 84
1619608021.573553, 83
1619608021.587602, 85
1619608021.601027, 84
1619608021.614402, 84
1619608021.627334, 84
1619608021.640134, 85
1619608021.653671, 85
1619608021.667172, 84
1619608021.681148, 83
1619608021.694697, 85
1619608021.708704, 86
1619608021.722131, 84
1619608021.735797, 84
1619608021.750659, 85
1619608021.764752, 84
1619608021.778043, 84
1619608021.792527, 84
1619608021.806312, 85
1619608021.819900, 84
1619608021.833349, 85
1619608021.846582, 85
1619608021.860608, 86
1619608021.874083, 85
1619608021.887125, 86
1619608021.900533, 84
1619608021.914174, 84
1619608021.928042, 85
1619608021.941955, 85
1619608021.955886, 84
1619608021.970102, 84
1619608021.984626, 85
1619608021.998959, 85
1619608022.012590, 86
1619608022.026545, 85
1619608022.040696, 85
1619608022.054789, 84
1619608022.068850, 84
1619608022.083263, 85
1619608022.096737, 84
1619608022.110001, 84
1619608022.124489, 84
1619608022.137711, 84
1619608022.152240, 86
1619608022.166069, 85
1619608022.180123, 86
1619608022.193499, 85
1619608022.207492, 85
1619608022.220907, 85
1619608022.234529, 87
1619608022.248471, 87
1619608022.262137, 86
1619608022.276727, 86
1619608022.290970, 87
1619608022.305078, 87
1619608022.319114, 87
1619608022.333843, 86
1619608022.348020, 87
1619608022.362044, 85
1619608022.375364, 86
1619608022.388884, 85
1619608022.402415, 86
1619608022.416377, 85
1619608022.429702, 86
1619608022.443975, 85
1619608022.458043, 85
1619608022.472478, 86
1619608022.486019, 87
1619608022.500416, 86
1619608022.513713, 87
1619608022.526505, 87
1619608022.539587, 87
1619608022.553010, 87
1619608022.566933, 87
1619608022.581069, 87
1619608022.595278, 88
1619608022.609177, 87
1619608022.623635, 86
1619608022.638322, 86
1619608022.652557, 86
1619608022.666736, 87
1619608022.681211, 86
1619608022.694491, 86
1619608022.707718, 86
1619608022.721999, 85
1619608022.735244, 86
1619608022.748466, 87
1619608022.761637, 86
1619608022.774756, 85
1619608022.787753, 85
1619608022.800975, 88
1619608022.813799, 87
1619608022.827524, 87
1619608022.841080, 88
1619608022.854845, 87
1619608022.868419, 87
1619608022.882302, 87
1619608022.895992, 88
1619608022.909460, 87
1619608022.923337, 88
1619608022.937316, 88
1619608022.951360, 87
1619608022.964270, 88
1619608022.977770, 88
1619608022.991673, 87
1619608023.004568, 86
1619608023.017392, 86
1619608023.030811, 87
1619608023.044208, 87
1619608023.058346, 87
1619608023.072051, 86
1619608023.085695, 88
1619608023.099594, 87
1619608023.113110, 86
1619608023.126609, 88
1619608023.140606, 89
1619608023.153626, 89
1619608023.167434, 89
1619608023.182571, 88
1619608023.196094, 88
1619608023.209676, 89
1619608023.223157, 89
1619608023.236177, 90
1619608023.249099, 89
1619608023.261752, 89
1619608023.275682, 89
1619608023.289663, 89
1619608023.303580, 88
1619608023.317652, 90
1619608023.331261, 89
1619608023.345246, 88
1619608023.359336, 88
1619608023.373272, 89
1619608023.387814, 88
1619608023.401386, 88
1619608023.415427, 87
1619608023.429806, 87
1619608023.443422, 88
1619608023.456525, 88
1619608023.470166, 88
1619608023.483978, 89
1619608023.497349, 88
1619608023.510491, 89
1619608023.523516, 88
1619608023.536669, 89
1619608023.549337, 88
1619608023.562405, 90
1619608023.575642, 89
1619608023.589482, 89
1619608023.603245, 89
1619608023.617289, 90
1619608023.630794, 90
1619608023.644346, 89
1619608023.658377, 88
1619608023.671683, 89
1619608023.685663, 88
1619608023.699702, 88
1619608023.713121, 88
1619608023.726184, 89
1619608023.740187, 88
1619608023.753782, 87
1619608023.767889, 89
1619608023.781377, 90
1619608023.795692, 89
1619608023.809203, 89
1619608023.822425, 89
1619608023.836088, 89
1619608023.849523, 90
1619608023.863308, 90
1619608023.877955, 90
1619608023.890988, 91
1619608023.905181, 90
1619608023.919502, 90
1619608023.932610, 90
1619608023.946669, 89
1619608023.961169, 90
1619608023.974681, 89
1619608023.988784, 89
1619608024.002221, 88
1619608024.016702, 89
1619608024.031283, 90
1619608024.045251, 90
1619608024.059417, 89
1619608024.073350, 89
1619608024.087955, 89
1619608024.101622, 89
1619608024.114358, 90
1619608024.128405, 90
1619608024.143549, 90
1619608024.157983, 90
1619608024.172622, 90
1619608024.186568, 90
1619608024.200532, 90
1619608024.214174, 91
1619608024.227775, 90
1619608024.241239, 91
1619608024.255932, 91
1619608024.270006, 91
1619608024.283892, 91
1619608024.297778, 91
1619608024.312711, 90
1619608024.326312, 89
1619608024.340173, 90
1619608024.353745, 90
1619608024.367238, 90
1619608024.381562, 89
1619608024.395148, 89
1619608024.408953, 90
1619608024.422157, 89
1619608024.435854, 89
1619608024.449358, 91
1619608024.462502, 91
1619608024.475403, 92
1619608024.488946, 92
1619608024.502534, 91
1619608024.516111, 90
1619608024.529343, 92
1619608024.542632, 91
1619608024.556379, 91
1619608024.570347, 90
1619608024.583617, 91
1619608024.596568, 91
1619608024.610463, 92
1619608024.624444, 91
1619608024.637249, 91
1619608024.650881, 91
1619608024.664410, 91
1619608024.678482, 90
1619608024.692185, 90
1619608024.706190, 92
1619608024.720910, 91
1619608024.734892, 91
1619608024.748024, 90
1619608024.761987, 91
1619608024.775673, 91
1619608024.789127, 92
1619608024.803084, 92
1619608024.816347, 93
1619608024.829422, 92
1619608024.842785, 92
1619608024.857036, 92
1619608024.870447, 93
1619608024.884921, 93
1619608024.898758, 91
1619608024.911766, 91
1619608024.925551, 92
1619608024.939663, 92
1619608024.953570, 92
1619608024.967876, 93
1619608024.981498, 91
1619608024.996984, 91
1619608025.011658, 90
1619608025.025592, 91
1619608025.039182, 91
1619608025.053839, 92
1619608025.067383, 92
1619608025.081262, 91
1619608025.095418, 90
1619608025.109240, 92
1619608025.122699, 92
1619608025.136159, 92
1619608025.150137, 91
1619608025.163679, 93
1619608025.177625, 92
1619608025.191671, 92
1619608025.205590, 92
1619608025.219272, 93
1619608025.233758, 93
1619608025.248733, 93
1619608025.262072, 93
1619608025.277088, 93
1619608025.291459, 93
1619608025.305925, 92
1619608025.321228, 92
1619608025.334762, 92
1619608025.348599, 91
1619608025.362067, 91
1619608025.376441, 92
1619608025.390713, 92
1619608025.404721, 92
1619608025.418770, 93
1619608025.432015, 92
1619608025.445015, 93
1619608025.457805, 93
1619608025.471568, 93
1619608025.485658, 93
1619608025.499844, 93
1619608025.513439, 94
1619608025.526487, 93
1619608025.539556, 93
1619608025.553170, 92
1619608025.566452, 93
1619608025.579830, 94
1619608025.593215, 93
1619608025.606300, 93
1619608025.620895, 93
1619608025.634654, 93
1619608025.648961, 94
1619608025.663390, 93
1619608025.676591, 92
1619608025.691502, 93
1619608025.704691, 93
1619608025.718247, 93
1619608025.731220, 93
1619608025.745188, 92
1619608025.758841, 93
1619608025.772019, 93
1619608025.785506, 94
1619608025.799051, 94
1619608025.814016, 94
1619608025.828758, 93
1619608025.842839, 93
1619608025.856845, 94
1619608025.870331, 95
1619608025.883667, 93
1619608025.897108, 94
1619608025.910707, 95
1619608025.924229, 94
1619608025.938557, 95
1619608025.952799, 94
1619608025.966321, 94
1619608025.980313, 94
1619608025.994427, 94
1619608026.008378, 93
1619608026.023067, 93
1619608026.037116, 93
1619608026.051380, 94
1619608026.065015, 94
1619608026.078455, 93
1619608026.091608, 92
1619608026.104902, 93
1619608026.117818, 95
1619608026.131087, 95
1619608026.144761, 95
1619608026.158339, 94
1619608026.172134, 94
1619608026.185755, 94
1619608026.199854, 95
1619608026.213823, 94
1619608026.226817, 94
1619608026.240829, 95
1619608026.254572, 95
1619608026.268286, 94
1619608026.281892, 95
1619608026.295908, 94
1619608026.308938, 95
1619608026.322266, 95
1619608026.336385, 94
1619608026.352093, 94
1619608026.366193, 94
1619608026.380528, 94
1619608026.394650, 95
1619608026.409144, 94
1619608026.424173, 94
1619608026.438354, 94
1619608026.451756, 94
1619608026.466574, 96
1619608026.480295, 95
1619608026.494341, 95
1619608026.507754, 94
1619608026.521829, 96
1619608026.535941, 95
1619608026.549993, 95
1619608026.563753, 96
1619608026.577631, 95
1619608026.591902, 96
1619608026.604998, 95
1619608026.618341, 96
1619608026.631992, 96
1619608026.645710, 96
1619608026.658848, 96
1619608026.672614, 97
1619608026.685841, 96
1619608026.700186, 94
1619608026.714991, 95
1619608026.729065, 95
1619608026.743203, 95
1619608026.756917, 95
1619608026.771359, 94
1619608026.784583, 96
1619608026.799713, 95
1619608026.813595, 95
1619608026.827756, 97
1619608026.842043, 96
1619608026.856632, 96
1619608026.871502, 97
1619608026.884838, 97
1619608026.899745, 96
1619608026.913702, 97
1619608026.927428, 97
1619608026.940798, 97
1619608026.954231, 96
1619608026.968203, 97
1619608026.982111, 97
1619608026.995538, 97
1619608027.010224, 96
1619608027.024368, 97
1619608027.038871, 95
1619608027.053058, 96
1619608027.067663, 94
1619608027.081270, 95
1619608027.095820, 95
1619608027.109833, 96
1619608027.124060, 96
1619608027.138112, 96
1619608027.151701, 96
1619608027.165477, 96
1619608027.179632, 96
1619608027.193263, 96
1619608027.208091, 97
1619608027.222179, 96
1619608027.236266, 97
1619608027.250770, 97
1619608027.264774, 96
1619608027.278741, 95
1619608027.292722, 96
1619608027.306755, 96
1619608027.320721, 97
1619608027.333498, 97
1619608027.347782, 97
1619608027.361210, 96
1619608027.373850, 96
1619608027.388374, 97
1619608027.403252, 95
1619608027.416429, 95
1619608027.431185, 97
1619608027.445207, 96
1619608027.459506, 96
1619608027.473283, 96
1619608027.487230, 95
1619608027.501319, 98
1619608027.515540, 98
1619608027.529311, 97
1619608027.544237, 98
1619608027.558381, 98
1619608027.572379, 97
1619608027.587389, 96
1619608027.602238, 97
1619608027.615576, 97
1619608027.630274, 97
1619608027.645253, 97
1619608027.659276, 99
1619608027.674307, 98
1619608027.689324, 97
1619608027.703268, 97
1619608027.717311, 99
1619608027.731488, 97
1619608027.746354, 96
1619608027.760330, 96
1619608027.774365, 98
1619608027.788275, 96
1619608027.802302, 97
1619608027.817306, 97
1619608027.832335, 98
1619608027.846420, 97
1619608027.860383, 98
1619608027.875340, 99
1619608027.890323, 98
1619608027.905321, 99
1619608027.919412, 98
1619608027.933299, 98
1619608027.947398, 99
1619608027.961317, 98
1619608027.975366, 98
1619608027.989316, 98
1619608028.004359, 98
1619608028.018348, 98
1619608028.032339, 98
1619608028.046413, 98
1619608028.060429, 98
1619608028.074429, 98
1619608028.088369, 97
1619608028.102456, 97
1619608028.117431, 98
1619608028.131449, 97
1619608028.144518, 96
1619608028.158388, 97
1619608028.172389, 96
1619608028.185738, 98
1619608028.198953, 96
1619608028.212397, 99
1619608028.226439, 98
1619608028.242601, 98
1619608028.256905, 99
1619608028.270525, 98
1619608028.284100, 99
1619608028.297635, 98
1619608028.312194, 99
1619608028.325576, 99
1619608028.340061, 100
1619608028.354367, 99
1619608028.368010, 99
1619608028.381720, 99
1619608028.396694, 99
1619608028.410304, 99
1619608028.423833, 99
1619608028.437428, 99
1619608028.451805, 99
1619608028.466176, 98
1619608028.480548, 98
1619608028.494178, 98
1619608028.507735, 98
1619608028.522120, 98
1619608028.535775, 98
1619608028.551466, 99
1619608028.565255, 99
1619608028.578873, 100
1619608028.593267, 100
1619608028.607633, 100
1619608028.622765, 100
1619608028.637111, 100
1619608028.650761, 100
1619608028.665128, 100
1619608028.679533, 99
1619608028.693084, 101
1619608028.706656, 100
1619608028.721889, 100
1619608028.735568, 100
1619608028.749874, 100
1619608028.763756, 100
1619608028.778047, 99
1619608028.793426, 98
1619608028.808419, 100
1619608028.821995, 99
1619608028.835911, 100
1619608028.850957, 99
1619608028.864884, 100
1619608028.878460, 98
1619608028.892048, 99
1619608028.907387, 99
1619608028.921629, 101
1619608028.935315, 100
1619608028.949615, 100
1619608028.963280, 101
1619608028.977562, 99
1619608028.991172, 100
1619608029.005552, 100
1619608029.019217, 100
1619608029.034315, 100
1619608029.047906, 99
1619608029.061451, 100
1619608029.075114, 100
1619608029.088627, 101
1619608029.102219, 101
1619608029.115937, 101
1619608029.129481, 101
1619608029.144057, 100
1619608029.157364, 99
1619608029.172628, 99
1619608029.186207, 100
1619608029.199767, 100
1619608029.213348, 99
1619608029.227746, 99
1619608029.241362, 100
1619608029.254403, 100
1619608029.267578, 99
1619608029.281356, 100
1619608029.295231, 100
1619608029.309051, 101
1619608029.322319, 101
1619608029.335887, 101
1619608029.349799, 101
1619608029.363299, 101
1619608029.376255, 101
1619608029.389494, 101
1619608029.402212, 101
1619608029.416637, 101
1619608029.430509, 102
1619608029.443842, 102
1619608029.458206, 102
1619608029.472110, 101
1619608029.485389, 101
1619608029.499280, 101
1619608029.513707, 100
1619608029.527622, 100
1619608029.542032, 100
1619608029.555869, 101
1619608029.569806, 102
1619608029.583789, 101
1619608029.597458, 100
1619608029.611651, 101
1619608029.624986, 101
1619608029.638271, 102
1619608029.652204, 102
1619608029.665635, 102
1619608029.680171, 102
1619608029.694768, 102
1619608029.708632, 102
1619608029.723177, 102
1619608029.737019, 102
1619608029.750821, 102
1619608029.764848, 101
1619608029.778729, 102
1619608029.792286, 102
1619608029.805538, 101
1619608029.818851, 103
1619608029.832788, 102
1619608029.846136, 102
1619608029.859474, 102
1619608029.873335, 101
1619608029.887451, 103
1619608029.901353, 102
1619608029.915136, 102
1619608029.928528, 101
1619608029.942386, 102
1619608029.955629, 102
1619608029.968894, 101
1619608029.982101, 102
1619608029.995426, 102
1619608030.008654, 103
1619608030.022709, 102
1619608030.036848, 103
1619608030.050165, 102
1619608030.063691, 103
1619608030.077281, 103
1619608030.090165, 102
1619608030.103590, 104
1619608030.116954, 103
1619608030.130840, 102
1619608030.145360, 102
1619608030.159213, 103
1619608030.173040, 103
1619608030.186492, 102
1619608030.200368, 102
1619608030.213811, 103
1619608030.226416, 103
1619608030.240324, 102
1619608030.254324, 101
1619608030.268198, 102
1619608030.281629, 102
1619608030.294238, 102
1619608030.308128, 102
1619608030.321394, 102
1619608030.335943, 102
1619608030.350469, 103
1619608030.364512, 103
1619608030.378504, 103
1619608030.391750, 104
1619608030.405954, 104
1619608030.420148, 103
1619608030.433433, 104
1619608030.447282, 103
1619608030.461185, 104
1619608030.474537, 103
1619608030.487766, 103
1619608030.500949, 103
1619608030.514308, 103
1619608030.528145, 103
1619608030.541317, 103
1619608030.555250, 103
1619608030.570272, 104
1619608030.584026, 103
1619608030.597057, 103
1619608030.610938, 104
1619608030.625197, 103
1619608030.638425, 103
1619608030.652707, 102
1619608030.666624, 103
1619608030.680187, 102
1619608030.694172, 101
1619608030.708099, 104
1619608030.721306, 104
1619608030.735416, 104
1619608030.748737, 104
1619608030.762579, 105
1619608030.775793, 104
1619608030.789482, 104
1619608030.803281, 104
1619608030.816194, 104
1619608030.829499, 104
1619608030.843738, 104
1619608030.857447, 105
1619608030.870705, 104
1619608030.883563, 105
1619608030.897492, 103
1619608030.911280, 104
1619608030.923932, 105
1619608030.937857, 105
1619608030.952300, 103
1619608030.965532, 104
1619608030.979661, 104
1619608030.993358, 105
1619608031.006611, 104
1619608031.021819, 103
1619608031.035816, 104
1619608031.049820, 104
1619608031.064111, 104
1619608031.078546, 104
1619608031.093061, 105
1619608031.107750, 105
1619608031.121815, 106
1619608031.135685, 105
1619608031.149569, 105
1619608031.163469, 105
1619608031.177231, 104
1619608031.191096, 106
1619608031.204961, 105
1619608031.218804, 104
1619608031.232743, 105
1619608031.246557, 105
1619608031.260413, 104
1619608031.273732, 106
1619608031.288250, 105
1619608031.303377, 104
1619608031.316915, 104
1619608031.331042, 104
1619608031.346594, 103
1619608031.361146, 103
1619608031.375703, 105
1619608031.389097, 104
1619608031.403691, 105
1619608031.417505, 104
1619608031.431531, 105
1619608031.444695, 105
1619608031.458679, 106
1619608031.472641, 106
1619608031.486540, 105
1619608031.500408, 105
1619608031.514279, 105
1619608031.527924, 105
1619608031.541776, 106
1619608031.555730, 106
1619608031.570365, 105
1619608031.583890, 106
1619608031.597890, 105
1619608031.611878, 105
1619608031.625186, 105
1619608031.639738, 106
1619608031.653617, 105
1619608031.668157, 107
1619608031.681671, 106
1619608031.695964, 104
1619608031.710321, 104
1619608031.724744, 105
1619608031.737798, 105
1619608031.751484, 105
1619608031.765316, 104
1619608031.780235, 105
1619608031.794265, 104
1619608031.807830, 105
1619608031.822607, 106
1619608031.837127, 106
1619608031.851231, 106
1619608031.865069, 105
1619608031.878949, 106
1619608031.892123, 106
1619608031.905229, 107
1619608031.918550, 106
1619608031.932954, 107
1619608031.946271, 107
1619608031.960214, 107
1619608031.974839, 107
1619608031.988837, 106
1619608032.002775, 106
1619608032.016588, 107
1619608032.031002, 107
1619608032.044816, 106
1619608032.058655, 108
1619608032.072537, 107
1619608032.087076, 106
1619608032.100776, 105
1619608032.115337, 106
1619608032.129000, 106
1619608032.142200, 106
1619608032.156904, 106
1619608032.171042, 106
1619608032.184843, 107
1619608032.199015, 107
1619608032.212929, 105
1619608032.226738, 106
1619608032.240567, 108
1619608032.254076, 107
1619608032.267498, 107
1619608032.281334, 106
1619608032.294604, 108
1619608032.308501, 107
1619608032.321855, 107
1619608032.335854, 106
1619608032.350269, 107
1619608032.364841, 107
1619608032.378520, 107
1619608032.393050, 106
1619608032.406534, 107
1619608032.421056, 107
1619608032.434969, 108
1619608032.448460, 106
1619608032.462351, 107
1619608032.475534, 107
1619608032.489997, 106
1619608032.503875, 106
1619608032.517771, 106
1619608032.532378, 106
1619608032.546847, 106
1619608032.560647, 107
1619608032.574825, 107
1619608032.589330, 108
1619608032.603470, 106
1619608032.616585, 107
1619608032.630856, 108
1619608032.645118, 107
1619608032.659171, 107
1619608032.673677, 108
1619608032.688873, 107
1619608032.702682, 108
1619608032.716194, 108
1619608032.729491, 108
1619608032.744626, 107
1619608032.758557, 108
1619608032.773013, 108
1619608032.786892, 109
1619608032.800779, 108
1619608032.814643, 108
1619608032.828519, 108
1619608032.842503, 107
1619608032.855771, 107
1619608032.868544, 107
1619608032.881840, 107
1619608032.894654, 107
1619608032.908046, 107
1619608032.922179, 107
1619608032.936013, 108
1619608032.949945, 108
1619608032.963899, 108
1619608032.977892, 108
1619608032.992236, 110
1619608033.006191, 109
1619608033.019839, 108
1619608033.032785, 108
1619608033.047629, 109
1619608033.061450, 110
1619608033.075391, 109
1619608033.088541, 109
1619608033.103136, 108
1619608033.116663, 108
1619608033.131004, 108
1619608033.144903, 108
1619608033.159192, 108
1619608033.172833, 110
1619608033.186680, 108
1619608033.200509, 107
1619608033.213769, 108
1619608033.226513, 107
1619608033.239537, 106
1619608033.253035, 108
1619608033.268055, 107
1619608033.282037, 107
1619608033.295306, 107
1619608033.309333, 108
1619608033.323917, 108
1619608033.338295, 109
1619608033.352645, 110
1619608033.366717, 109
1619608033.380497, 109
1619608033.394731, 109
1619608033.408704, 108
1619608033.422227, 109
1619608033.436066, 108
1619608033.450156, 108
1619608033.464791, 109
1619608033.477627, 110
1619608033.492184, 109
1619608033.506112, 109
1619608033.520263, 110
1619608033.534742, 110
1619608033.548560, 109
1619608033.562502, 108
1619608033.576908, 108
1619608033.590801, 108
1619608033.604690, 108
1619608033.618056, 109
1619608033.631853, 108
1619608033.645134, 108
1619608033.659972, 108
1619608033.674369, 108
1619608033.687632, 109
1619608033.701867, 109
1619608033.716298, 110
1619608033.729199, 109
1619608033.742913, 109
1619608033.756079, 110
1619608033.769346, 109
1619608033.783583, 108
1619608033.798018, 110
1619608033.811393, 110
1619608033.824697, 110
1619608033.837989, 110
1619608033.852426, 111
1619608033.867581, 111
1619608033.881368, 110
1619608033.895377, 110
1619608033.909202, 110
1619608033.924319, 111
1619608033.938306, 109
1619608033.952144, 109
1619608033.965496, 109
1619608033.979521, 109
1619608033.993506, 109
1619608034.007233, 108
1619608034.022084, 109
1619608034.035464, 110
1619608034.049241, 109
1619608034.062774, 109
1619608034.076663, 110
1619608034.090597, 110
1619608034.104400, 110
1619608034.117856, 110
1619608034.130507, 111
1619608034.143779, 112
1619608034.156488, 111
1619608034.169998, 111
1619608034.183286, 111
1619608034.197742, 110
1619608034.211732, 110
1619608034.225538, 110
1619608034.240424, 111
1619608034.254857, 111
1619608034.268999, 111
1619608034.283091, 110
1619608034.297372, 110
1619608034.311101, 111
1619608034.325615, 110
1619608034.338836, 110
1619608034.352131, 111
1619608034.365379, 111
1619608034.379407, 110
1619608034.394649, 109
1619608034.409137, 110
1619608034.423020, 111
1619608034.436841, 111
1619608034.450745, 111
1619608034.464675, 112
1619608034.478584, 111
1619608034.491697, 111
1619608034.505793, 112
1619608034.518530, 110
1619608034.532648, 112
1619608034.546557, 111
1619608034.559882, 112
1619608034.575163, 111
1619608034.589091, 111
1619608034.602908, 112
1619608034.617452, 111
1619608034.631158, 111
1619608034.645077, 112
1619608034.659303, 112
1619608034.673659, 111
1619608034.687910, 111
1619608034.702104, 110
1619608034.716037, 110
1619608034.729271, 110
1619608034.742682, 110
1619608034.756427, 110
1619608034.769500, 111
1619608034.782394, 111
1619608034.795134, 110
1619608034.808144, 111
1619608034.822009, 112
1619608034.836617, 112
1619608034.850184, 112
1619608034.864061, 111
1619608034.877967, 112
1619608034.892269, 112
1619608034.906730, 112
1619608034.919931, 111
1619608034.934117, 112
1619608034.947986, 113
1619608034.961900, 112
1619608034.975912, 111
1619608034.990286, 112
1619608035.004853, 113
1619608035.019318, 113
1619608035.033179, 111
1619608035.046837, 113
1619608035.060082, 113
1619608035.073406, 112
1619608035.087331, 111
1619608035.101155, 111
1619608035.114627, 111
1619608035.128542, 112
1619608035.142437, 111
1619608035.156529, 111
1619608035.170392, 112
1619608035.184280, 112
1619608035.196949, 111
1619608035.209970, 112
1619608035.223637, 112
1619608035.237845, 112
1619608035.251780, 113
1619608035.265485, 112
1619608035.279768, 113
1619608035.293402, 112
1619608035.307846, 113
1619608035.321293, 112
1619608035.334716, 113
1619608035.348156, 113
1619608035.362114, 113
1619608035.376358, 113
1619608035.390889, 113
1619608035.405332, 113
1619608035.418597, 113
1619608035.431900, 113
1619608035.445164, 112
1619608035.458980, 113
1619608035.472144, 112
1619608035.485347, 112
1619608035.498674, 113
1619608035.512132, 113
1619608035.525979, 112
1619608035.540218, 112
1619608035.553633, 113
1619608035.568186, 112
1619608035.582264, 112
1619608035.596641, 113
1619608035.610735, 113
1619608035.624963, 113
1619608035.638222, 113
1619608035.653401, 113
1619608035.666659, 112
1619608035.679475, 113
1619608035.693245, 113
1619608035.706929, 113
1619608035.720984, 113
1619608035.734932, 113
1619608035.748804, 114
1619608035.762703, 113
1619608035.777235, 113
1619608035.791156, 113
1619608035.804396, 114
1619608035.818277, 113
1619608035.832056, 114
1619608035.845616, 113
1619608035.858736, 112
1619608035.872155, 113
1619608035.885431, 112
1619608035.898869, 113
1619608035.913044, 113
1619608035.926474, 112
1619608035.940294, 112
1619608035.954173, 112
1619608035.968091, 112
1619608035.981341, 114
1619608035.995167, 114
1619608036.009993, 113
1619608036.024176, 113
1619608036.038983, 114
1619608036.052503, 114
1619608036.066331, 113
1619608036.080815, 114
1619608036.095345, 114
1619608036.109177, 115
1619608036.122627, 114
1619608036.135909, 115
1619608036.149956, 115
1619608036.163922, 114
1619608036.177096, 114
1619608036.191067, 114
1619608036.204914, 114
1619608036.218867, 114
1619608036.231589, 114
1619608036.245231, 114
1619608036.258792, 114
1619608036.272973, 114
1619608036.286635, 113
1619608036.300477, 114
1619608036.314528, 113
1619608036.328368, 114
1619608036.341796, 113
1619608036.355602, 114
1619608036.369066, 115
1619608036.383447, 114
1619608036.397957, 115
1619608036.412001, 115
1619608036.425900, 115
1619608036.439966, 115
1619608036.454309, 115
1619608036.467869, 115
1619608036.481830, 116
1619608036.495874, 116
1619608036.509703, 115
1619608036.523956, 114
1619608036.538689, 114
1619608036.552587, 114
1619608036.566268, 115
1619608036.580248, 115
1619608036.595019, 115
1619608036.610076, 115
1619608036.624933, 114
1619608036.639334, 114
1619608036.654182, 114
1619608036.667484, 114
1619608036.681264, 114
1619608036.695701, 114
1619608036.709595, 114
1619608036.724121, 114
1619608036.737814, 114
1619608036.751943, 115
1619608036.765653, 115
1619608036.779467, 116
1619608036.793895, 115
1619608036.807905, 115
1619608036.821980, 115
1619608036.835913, 115
1619608036.850443, 115
1619608036.864031, 115
1619608036.878452, 115
1619608036.893210, 116
1619608036.907020, 116
1619608036.921461, 115
1619608036.935479, 116
1619608036.949937, 116
1619608036.963471, 115
1619608036.977223, 115
1619608036.991180, 115
1619608037.005870, 115
1619608037.019749, 116
1619608037.032985, 114
1619608037.046939, 115
1619608037.060799, 114
1619608037.074346, 115
1619608037.088790, 115
1619608037.102026, 115
1619608037.115785, 114
1619608037.129292, 114
1619608037.143037, 116
1619608037.156946, 116
1619608037.170209, 116
1619608037.184726, 116
1619608037.198253, 116
1619608037.211807, 116
1619608037.225542, 117
1619608037.239275, 116
1619608037.252080, 116
1619608037.266576, 115
1619608037.279957, 117
1619608037.293426, 117
1619608037.306154, 116
1619608037.319693, 116
1619608037.334071, 117
1619608037.349120, 117
1619608037.362836, 116
1619608037.376649, 116
1619608037.390508, 117
1619608037.404965, 116
1619608037.418296, 116
1619608037.432244, 115
1619608037.446060, 116
1619608037.460167, 115
1619608037.473862, 115
1619608037.487776, 116
1619608037.501964, 115
1619608037.515802, 116
1619608037.529099, 115
1619608037.542357, 118
1619608037.556236, 117
1619608037.569849, 117
1619608037.584431, 117
1619608037.598254, 117
1619608037.611765, 118
1619608037.624796, 117
1619608037.638335, 117
1619608037.652530, 118
1619608037.665862, 117
1619608037.679219, 118
1619608037.693076, 117
1619608037.706428, 117
1619608037.721239, 119
1619608037.735158, 118
1619608037.748535, 118
1619608037.761943, 118
1619608037.775109, 119
1619608037.788965, 118
1619608037.803128, 118
1619608037.816709, 116
1619608037.830584, 116
1619608037.844408, 117
1619608037.858422, 116
1619608037.872198, 116
1619608037.885882, 116
1619608037.899330, 115
1619608037.913250, 116
1619608037.926193, 116
1619608037.939435, 117
1619608037.953088, 117
1619608037.966859, 117
1619608037.980651, 116
1619608037.993616, 117
1619608038.006714, 116
1619608038.022037, 117
1619608038.035639, 118
1619608038.049495, 117
1619608038.064002, 117
1619608038.078873, 119
1619608038.093679, 117
1619608038.107754, 117
1619608038.121716, 119
1619608038.135814, 118
1619608038.148979, 118
1619608038.162762, 117
1619608038.176402, 118
1619608038.189684, 118
1619608038.203798, 118
1619608038.217020, 116
1619608038.230095, 116
1619608038.243531, 117
1619608038.257314, 117
1619608038.271110, 117
1619608038.284659, 118
1619608038.298832, 117
1619608038.312332, 117
1619608038.326415, 117
1619608038.341038, 119
1619608038.354826, 118
1619608038.369414, 117
1619608038.383740, 118
1619608038.397307, 118
1619608038.412366, 119
1619608038.426189, 118
1619608038.439826, 118
1619608038.454617, 118
1619608038.467893, 119
1619608038.481170, 119
1619608038.495053, 118
1619608038.508880, 118
1619608038.522454, 118
1619608038.537242, 118
1619608038.551140, 118
1619608038.565702, 118
1619608038.579600, 118
1619608038.592926, 119
1619608038.606860, 118
1619608038.620651, 117
1619608038.634536, 117
1619608038.648398, 117
1619608038.662454, 117
1619608038.677078, 119
1619608038.691181, 118
1619608038.704996, 118
1619608038.718229, 117
1619608038.731571, 120
1619608038.745327, 119
1619608038.759808, 119
1619608038.773125, 118
1619608038.786596, 119
1619608038.801016, 118
1619608038.813709, 119
1619608038.827720, 118
1619608038.841208, 119
1619608038.854787, 119
1619608038.869626, 118
1619608038.884209, 118
1619608038.898056, 119
1619608038.911803, 119
1619608038.926791, 119
1619608038.941238, 119
1619608038.955293, 119
1619608038.969069, 118
1619608038.983051, 119
1619608038.996368, 119
1619608039.009067, 118
1619608039.022955, 117
1619608039.037441, 118
1619608039.051969, 118
1619608039.066144, 118
1619608039.079847, 119
1619608039.093237, 119
1619608039.106642, 118
1619608039.119791, 118
1619608039.132706, 119
1619608039.145552, 119
1619608039.158877, 119
1619608039.172780, 119
1619608039.186504, 118
1619608039.201008, 119
1619608039.214966, 120
1619608039.228844, 119
1619608039.242252, 119
1619608039.256073, 120
1619608039.269395, 120
1619608039.283703, 120
1619608039.298400, 119
1619608039.312488, 120
1619608039.326511, 120
1619608039.340650, 119
1619608039.354668, 119
1619608039.368834, 119
1619608039.382108, 120
1619608039.396219, 120
1619608039.410076, 118
1619608039.424178, 118
1619608039.438442, 119
1619608039.453051, 119
1619608039.467180, 119
1619608039.481909, 119
1619608039.495452, 120
1619608039.510278, 118
1619608039.524297, 118
1619608039.537572, 120
1619608039.550888, 120
1619608039.564927, 121
1619608039.579015, 120
1619608039.592299, 121
1619608039.606239, 120
1619608039.619480, 120
1619608039.633618, 120
1619608039.647231, 120
1619608039.660765, 122
1619608039.673978, 121
1619608039.688151, 121
1619608039.702228, 120
1619608039.716266, 120
1619608039.729575, 120
1619608039.744039, 120
1619608039.757732, 120
1619608039.771865, 119
1619608039.785620, 119
1619608039.799610, 120
1619608039.813631, 119
1619608039.828404, 120
1619608039.841791, 119
1619608039.856356, 119
1619608039.870432, 119
1619608039.885292, 119
1619608039.899231, 120
1619608039.913326, 119
1619608039.926809, 121
1619608039.941205, 121
1619608039.954796, 120
1619608039.968966, 120
1619608039.983016, 120
1619608039.997209, 120
1619608040.011311, 120
1619608040.025519, 120
1619608040.039688, 121
1619608040.054702, 121
1619608040.068672, 122
1619608040.083818, 122
1619608040.097873, 121
1619608040.112071, 121
1619608040.125191, 122
1619608040.139372, 121
1619608040.153337, 121
1619608040.166951, 121
1619608040.180425, 121
1619608040.193298, 121
1619608040.206272, 122
1619608040.219519, 120
1619608040.233598, 120
1619608040.246916, 120
1619608040.261614, 120
1619608040.276160, 119
1619608040.290131, 121
1619608040.304359, 120
1619608040.318628, 120
1619608040.332115, 120
1619608040.346417, 121
1619608040.359952, 120
1619608040.374234, 121
1619608040.388025, 122
1619608040.401501, 121
1619608040.415067, 121
1619608040.430760, 122
1619608040.444880, 122
1619608040.457814, 122
1619608040.471363, 123
1619608040.485441, 121
1619608040.500387, 121
1619608040.514603, 121
1619608040.528116, 123
1619608040.542233, 122
1619608040.555713, 121
1619608040.570657, 121
1619608040.584919, 122
1619608040.599161, 121
1619608040.613059, 122
1619608040.627383, 122
1619608040.641473, 121
1619608040.655781, 121
1619608040.669168, 120
1619608040.682755, 122
1619608040.696154, 121
1619608040.709773, 120
1619608040.723691, 120
1619608040.737336, 122
1619608040.750525, 122
1619608040.764082, 122
1619608040.777563, 122
1619608040.791931, 122
1619608040.806193, 122
1619608040.820113, 122
1619608040.834598, 122
1619608040.848339, 123
1619608040.861773, 122
1619608040.876918, 121
1619608040.890257, 123
1619608040.903846, 123
1619608040.917925, 122
1619608040.931715, 121
1619608040.945713, 123
1619608040.960025, 122
1619608040.973604, 122
1619608040.987883, 122
1619608041.002103, 122
1619608041.017006, 122
1619608041.031674, 121
1619608041.045229, 121
1619608041.058755, 122
1619608041.072968, 122
1619608041.086571, 122
1619608041.101500, 121
1619608041.116057, 123
1619608041.129547, 123
1619608041.144419, 123
1619608041.158767, 122
1619608041.172310, 123
1619608041.185820, 124
1619608041.200096, 123
1619608041.214324, 123
1619608041.228507, 124
1619608041.242714, 123
1619608041.256579, 123
1619608041.270749, 122
1619608041.285003, 123
1619608041.299358, 123
1619608041.313626, 122
1619608041.327583, 122
1619608041.341684, 124
1619608041.354445, 123
1619608041.368671, 122
1619608041.382390, 123
1619608041.396386, 123
1619608041.410547, 124
1619608041.424764, 123
1619608041.439295, 122
1619608041.451971, 122
1619608041.464603, 121
1619608041.477694, 122
1619608041.491361, 122
1619608041.505498, 122
1619608041.519332, 122
1619608041.533546, 122
1619608041.547477, 122
1619608041.561213, 123
1619608041.576085, 123
1619608041.589643, 123
1619608041.604088, 124
1619608041.618031, 124
1619608041.632278, 123
1619608041.645762, 124
1619608041.660038, 124
1619608041.673458, 124
1619608041.687147, 124
1619608041.700158, 123
1619608041.713654, 124
1619608041.726633, 123
1619608041.740768, 123
1619608041.755243, 124
1619608041.768807, 124
1619608041.783053, 124
1619608041.797284, 123
1619608041.811530, 123
1619608041.825634, 124
1619608041.839396, 124
1619608041.853486, 122
1619608041.866988, 122
1619608041.881601, 123
1619608041.895969, 122
1619608041.910267, 122
1619608041.924299, 123
1619608041.937893, 124
1619608041.952082, 123
1619608041.966350, 123
1619608041.979826, 125
1619608041.993541, 124
1619608042.007908, 124
1619608042.022839, 125
1619608042.037044, 124
1619608042.052659, 124
1619608042.066228, 124
1619608042.080398, 124
1619608042.095371, 124
1619608042.109686, 124
1619608042.124017, 124
1619608042.138271, 124
1619608042.152381, 125
1619608042.165873, 125
1619608042.180748, 125
1619608042.195246, 124
1619608042.209331, 124
1619608042.222873, 125
1619608042.236327, 124
1619608042.251220, 124
1619608042.264741, 125
1619608042.278994, 124
1619608042.293204, 124
1619608042.306693, 124
1619608042.320968, 124
1619608042.336030, 123
1619608042.350151, 124
1619608042.363644, 123
1619608042.377093, 124
1619608042.390594, 125
1619608042.403985, 124
1619608042.417762, 124
1619608042.431427, 126
1619608042.446574, 124
1619608042.460659, 124
1619608042.474190, 125
1619608042.488486, 124
1619608042.502787, 124
1619608042.516975, 123
1619608042.530433, 126
1619608042.544691, 125
1619608042.558277, 124
1619608042.573139, 126
1619608042.586666, 126
1619608042.601137, 125
1619608042.614930, 125
1619608042.628225, 126
1619608042.641901, 126
1619608042.656180, 125
1619608042.669064, 125
1619608042.683395, 124
1619608042.696840, 124
1619608042.711290, 125
1619608042.725279, 123
1619608042.739777, 125
1619608042.752988, 124
1619608042.766441, 125
1619608042.779277, 124
1619608042.792370, 124
1619608042.805826, 126
1619608042.819017, 125
1619608042.832336, 125
1619608042.846672, 125
1619608042.860839, 125
1619608042.874308, 126
1619608042.888539, 126
1619608042.901998, 125
1619608042.916216, 126
1619608042.930411, 126
1619608042.944134, 126
1619608042.958148, 126
1619608042.972321, 126
1619608042.985101, 126
1619608042.999320, 126
1619608043.012079, 126
1619608043.025503, 126
1619608043.038161, 125
1619608043.051184, 125
1619608043.064688, 125
1619608043.078938, 126
1619608043.092529, 125
1619608043.105911, 125
1619608043.120157, 125
1619608043.133664, 126
1619608043.147895, 125
1619608043.162050, 125
1619608043.176982, 124
1619608043.191218, 126
1619608043.205206, 126
1619608043.218159, 126
1619608043.232391, 126
1619608043.245865, 126
1619608043.259535, 127
1619608043.273110, 127
1619608043.287315, 126
1619608043.300321, 126
1619608043.313997, 126
1619608043.328191, 127
1619608043.342356, 126
1619608043.356598, 126
1619608043.370197, 126
1619608043.384455, 125
1619608043.398662, 126
1619608043.412233, 127
1619608043.425886, 127
1619608043.439552, 127
1619608043.453691, 126
1619608043.467384, 126
1619608043.480980, 126
1619608043.494562, 127
1619608043.508832, 126
1619608043.522405, 126
1619608043.536661, 126
1619608043.550866, 125
1619608043.564854, 126
1619608043.578488, 125
1619608043.592101, 127
1619608043.605826, 126
1619608043.620616, 125
1619608043.633553, 127
1619608043.648412, 126
1619608043.662030, 127
1619608043.675658, 128
1619608043.688686, 127
1619608043.702310, 127
1619608043.715895, 127
1619608043.728939, 127
1619608043.742573, 127
1619608043.756246, 126
1619608043.769257, 127
1619608043.782891, 127
1619608043.797089, 128
1619608043.810763, 127
1619608043.825546, 127
1619608043.839849, 128
1619608043.854629, 127
1619608043.868784, 127
1619608043.882391, 127
1619608043.895522, 126
1619608043.909059, 128
1619608043.923433, 128
1619608043.936937, 126
1619608043.950497, 126
1619608043.963666, 126
1619608043.978371, 126
1619608043.992636, 126
1619608044.006783, 127
1619608044.021119, 126
1619608044.034695, 126
1619608044.048280, 127
1619608044.062489, 127
1619608044.076724, 127
1619608044.090294, 127
1619608044.104516, 128
1619608044.117593, 128
1619608044.131231, 127
1619608044.144869, 128
1619608044.159023, 129
1619608044.171664, 129
1619608044.184407, 128
1619608044.197576, 128
1619608044.210691, 129
1619608044.224789, 128
1619608044.237819, 128
1619608044.252056, 128
1619608044.266322, 128
1619608044.279894, 128
1619608044.294192, 128
1619608044.308386, 128
1619608044.321994, 128
1619608044.335509, 128
1619608044.349813, 127
1619608044.363387, 126
1619608044.376953, 127
1619608044.390015, 127
1619608044.403681, 128
1619608044.417270, 128
1619608044.430282, 127
1619608044.444516, 128
1619608044.458716, 127
1619608044.471790, 128
1619608044.485968, 128
1619608044.500200, 129
1619608044.514392, 129
1619608044.528106, 128
1619608044.543025, 129
1619608044.556440, 129
1619608044.570688, 129
1619608044.584873, 129
1619608044.598541, 128
1619608044.612814, 128
1619608044.626356, 129
1619608044.640593, 128
1619608044.654809, 128
1619608044.669038, 128
1619608044.683226, 129
1619608044.696237, 129
1619608044.709908, 128
1619608044.723567, 129
1619608044.737164, 128
1619608044.751395, 129
1619608044.765002, 128
1619608044.778651, 128
1619608044.791730, 128
1619608044.805131, 127
1619608044.818856, 128
1619608044.831854, 128
1619608044.845505, 129
1619608044.859130, 128
1619608044.873401, 128
1619608044.887595, 127
1619608044.901196, 128
1619608044.914778, 129
1619608044.928398, 129
1619608044.941428, 128
1619608044.954470, 129
1619608044.968010, 128
1619608044.980651, 129
1619608044.994928, 128
1619608045.009095, 129
1619608045.022712, 129
1619608045.036339, 130
1619608045.049972, 129
1619608045.064767, 129
1619608045.079030, 128
1619608045.092653, 130
1619608045.106264, 129
1619608045.120434, 129
1619608045.134100, 129
1619608045.147764, 129
1619608045.161354, 128
1619608045.175662, 129
1619608045.189180, 129
1619608045.203476, 129
1619608045.217600, 129
1619608045.231869, 128
1619608045.245500, 128
1619608045.259247, 128
1619608045.273494, 128
1619608045.287818, 128
1619608045.301010, 129
1619608045.315420, 129
1619608045.329313, 129
1619608045.342556, 130
1619608045.356821, 129
1619608045.370089, 130
1619608045.383383, 129
1619608045.397075, 129
1619608045.410302, 129
1619608045.424669, 131
1619608045.437801, 130
1619608045.451640, 130
1619608045.465826, 131
1619608045.479538, 131
1619608045.493258, 131
1619608045.507624, 130
1619608045.521850, 131
1619608045.535131, 131
1619608045.548814, 130
1619608045.562582, 129
1619608045.576922, 130
1619608045.590626, 131
1619608045.603855, 130
1619608045.617563, 129
1619608045.631287, 129
1619608045.645629, 129
1619608045.659982, 129
1619608045.674769, 128
1619608045.688570, 130
1619608045.702851, 129
1619608045.717096, 129
1619608045.730862, 129
1619608045.743777, 132
1619608045.757867, 132
1619608045.771727, 131
1619608045.785935, 131
1619608045.800269, 132
1619608045.814618, 131
1619608045.828012, 131
1619608045.841065, 131
1619608045.854862, 131
1619608045.868101, 132
1619608045.881295, 131
1619608045.895157, 131
1619608045.909394, 131
1619608045.923144, 131
1619608045.937382, 131
1619608045.951163, 130
1619608045.964407, 130
1619608045.977280, 132
1619608045.990369, 131
1619608046.003409, 130
1619608046.017347, 130
1619608046.031115, 131
1619608046.044358, 129
1619608046.057596, 129
1619608046.070867, 129
1619608046.085744, 131
1619608046.099633, 131
1619608046.113226, 130
1619608046.127582, 130
1619608046.140820, 129
1619608046.154457, 131
1619608046.167746, 131
1619608046.181535, 130
1619608046.195058, 130
1619608046.209413, 132
1619608046.223704, 131
1619608046.237890, 131
1619608046.252721, 131
1619608046.266524, 132
1619608046.280855, 131
1619608046.294546, 131
1619608046.308857, 130
1619608046.323224, 131
1619608046.336926, 131
1619608046.351277, 132
1619608046.365511, 132
1619608046.379294, 131
1619608046.392527, 131
1619608046.405172, 130
1619608046.418658, 131
1619608046.431839, 131
1619608046.445961, 131
1619608046.460433, 131
1619608046.474786, 131
1619608046.488601, 131
1619608046.501889, 132
1619608046.516739, 131
1619608046.530496, 131
1619608046.544758, 131
1619608046.558565, 131
1619608046.572346, 131
1619608046.586078, 130
1619608046.600374, 131
1619608046.614116, 132
1619608046.627333, 132
1619608046.640068, 131
1619608046.653313, 131
1619608046.667059, 131
1619608046.680847, 132
1619608046.694654, 131
1619608046.708969, 130
1619608046.723325, 133
1619608046.737003, 132
1619608046.750760, 132
1619608046.764035, 131
1619608046.777968, 133
1619608046.791367, 133
1619608046.805539, 131
1619608046.818749, 131
1619608046.831998, 131
1619608046.845794, 132
1619608046.859524, 131
1619608046.872812, 132
1619608046.886152, 132
1619608046.899630, 131
1619608046.912735, 131
1619608046.926304, 132
1619608046.939480, 132
1619608046.953122, 131
1619608046.966414, 131
1619608046.980154, 130
1619608046.993426, 131
1619608047.007857, 132
1619608047.022048, 132
1619608047.035854, 131
1619608047.049895, 132
1619608047.064738, 133
1619608047.079571, 133
1619608047.093847, 133
1619608047.108664, 133
1619608047.122986, 132
1619608047.137300, 132
1619608047.151007, 133
1619608047.164764, 132
1619608047.178559, 133
1619608047.192345, 133
1619608047.206051, 133
1619608047.220365, 132
1619608047.233900, 133
1619608047.247619, 133
1619608047.261879, 132
1619608047.275146, 133
1619608047.288339, 132
1619608047.302135, 132
1619608047.316424, 132
1619608047.330709, 132
1619608047.344473, 132
1619608047.358259, 131
1619608047.372342, 133
1619608047.386101, 132
1619608047.399443, 132
1619608047.412640, 132
1619608047.425908, 132
1619608047.439180, 133
1619608047.452416, 133
1619608047.466735, 133
1619608047.480504, 134
1619608047.494250, 133
1619608047.508005, 133
1619608047.521151, 133
1619608047.534420, 133
1619608047.548008, 134
1619608047.562328, 134
1619608047.576643, 133
1619608047.590412, 133
1619608047.605263, 133
1619608047.619007, 132
1619608047.632727, 133
1619608047.646500, 133
1619608047.659726, 134
1619608047.673008, 133
1619608047.686259, 133
1619608047.699998, 134
1619608047.713294, 133
1619608047.727048, 133
1619608047.741300, 134
1619608047.756354, 134
1619608047.770692, 133
1619608047.785009, 132
1619608047.799301, 132
1619608047.813004, 134
1619608047.826415, 133
1619608047.839746, 133
1619608047.853459, 133
1619608047.866651, 133
1619608047.880981, 133
1619608047.894772, 134
1619608047.908496, 133
1619608047.922292, 133
1619608047.935549, 133
1619608047.949277, 133
1619608047.963076, 133
1619608047.976847, 133
1619608047.990057, 134
1619608048.003807, 134
1619608048.017034, 134
1619608048.030349, 134
1619608048.044055, 135
1619608048.057212, 134
1619608048.070710, 134
1619608048.085581, 134
1619608048.100326, 135
1619608048.114692, 134
1619608048.128957, 134
1619608048.142985, 133
1619608048.156198, 134
1619608048.169402, 134
1619608048.182689, 134
1619608048.195896, 134
1619608048.209647, 133
1619608048.222887, 134
1619608048.236161, 133
1619608048.249888, 133
1619608048.263685, 133
1619608048.276486, 133
1619608048.290738, 132
1619608048.304500, 133
1619608048.317673, 133
1619608048.331605, 135
1619608048.345745, 135
1619608048.360053, 134
1619608048.373282, 135
1619608048.387127, 135
1619608048.401910, 134
1619608048.415138, 134
1619608048.428097, 135
1619608048.441335, 135
1619608048.454871, 135
1619608048.468087, 135
1619608048.481685, 134
1619608048.494622, 135
1619608048.507423, 135
1619608048.520662, 134
1619608048.534073, 134
1619608048.548613, 134
1619608048.562026, 134
1619608048.576190, 134
1619608048.589170, 135
1619608048.602693, 134
1619608048.617001, 134
1619608048.631924, 134
1619608048.646079, 133
1619608048.660632, 134
1619608048.674616, 133
1619608048.688891, 134
1619608048.703866, 134
1619608048.717898, 135
1619608048.731976, 134
1619608048.745929, 134
1619608048.759766, 135
1619608048.774468, 136
1619608048.788760, 135
1619608048.802578, 135
1619608048.816890, 135
1619608048.830975, 135
1619608048.844319, 136
1619608048.857771, 136
1619608048.871811, 135
1619608048.885619, 135
1619608048.899907, 136
1619608048.912915, 136
1619608048.926919, 136
1619608048.941640, 135
1619608048.954952, 135
1619608048.968961, 135
1619608048.982373, 136
1619608048.996410, 135
1619608049.010541, 135
1619608049.025089, 135
1619608049.039940, 135
1619608049.053775, 136
1619608049.068533, 135
1619608049.082455, 134
1619608049.096342, 134
1619608049.109630, 135
1619608049.123649, 135
1619608049.137358, 135
1619608049.151719, 134
1619608049.165683, 135
1619608049.179727, 134
1619608049.193180, 135
1619608049.206432, 136
1619608049.220673, 136
1619608049.234807, 135
1619608049.248266, 136
1619608049.261689, 136
1619608049.274960, 136
1619608049.288728, 135
1619608049.302180, 136
1619608049.315700, 135
1619608049.329054, 136
1619608049.342823, 135
1619608049.356620, 136
1619608049.370192, 136
1619608049.383364, 136
1619608049.396693, 137
1619608049.409854, 137
1619608049.423062, 136
1619608049.436814, 136
1619608049.451108, 137
1619608049.464874, 136
1619608049.478665, 136
1619608049.492423, 137
1619608049.507378, 137
1619608049.522136, 135
1619608049.535844, 136
1619608049.549609, 135
1619608049.563449, 135
1619608049.577185, 135
1619608049.590897, 136
1619608049.604220, 135
1619608049.617903, 135
1619608049.631684, 136
1619608049.644907, 136
1619608049.657833, 137
1619608049.671051, 136
1619608049.684147, 137
1619608049.697624, 136
1619608049.711568, 136
1619608049.724854, 136
1619608049.738058, 137
1619608049.752435, 137
1619608049.766166, 137
1619608049.780475, 137
1619608049.794977, 137
1619608049.809245, 136
1619608049.823048, 136
1619608049.836773, 137
1619608049.850558, 137
1619608049.864332, 136
1619608049.877836, 137
1619608049.892160, 138
1619608049.905928, 137
1619608049.920769, 137
1619608049.935569, 136
1619608049.949342, 137
1619608049.962552, 135
1619608049.976381, 136
1619608049.990104, 135
1619608050.003375, 135
1619608050.016496, 136
1619608050.030322, 135
1619608050.044631, 137
1619608050.059413, 136
1619608050.072628, 137
1619608050.085890, 137
1619608050.099716, 137
1619608050.112671, 138
1619608050.126872, 138
1619608050.140370, 137
1619608050.154129, 138
1619608050.167882, 137
1619608050.181978, 137
1619608050.196824, 136
1619608050.210623, 137
1619608050.223882, 137
1619608050.237324, 137
1619608050.250328, 137
1619608050.263626, 137
1619608050.276471, 137
1619608050.290683, 137
1619608050.305621, 137
1619608050.319954, 137
1619608050.334163, 137
1619608050.347561, 137
1619608050.361483, 136
1619608050.376028, 137
1619608050.390374, 137
1619608050.404673, 137
1619608050.418270, 137
1619608050.431370, 136
1619608050.445491, 136
1619608050.459713, 137
1619608050.473618, 136
1619608050.487834, 136
1619608050.502733, 137
1619608050.517383, 137
1619608050.530783, 138
1619608050.545428, 137
1619608050.559151, 137
1619608050.572942, 137
1619608050.587394, 138
1619608050.600567, 137
1619608050.614909, 138
1619608050.629342, 137
1619608050.643032, 137
1619608050.658564, 137
1619608050.672572, 138
1619608050.686269, 137
1619608050.699680, 137
1619608050.713390, 137
1619608050.727440, 137
1619608050.742013, 138
1619608050.756348, 139
1619608050.770550, 139
1619608050.785103, 138
1619608050.798905, 139
1619608050.812734, 138
1619608050.825983, 138
1619608050.840215, 138
1619608050.854310, 137
1619608050.869163, 138
1619608050.882981, 138
1619608050.896727, 137
1619608050.910408, 138
1619608050.924717, 138
1619608050.939496, 137
1619608050.954805, 137
1619608050.969576, 138
1619608050.984770, 139
1619608050.998978, 138
1619608051.014092, 138
1619608051.028214, 138
1619608051.041485, 138
1619608051.055348, 137
1619608051.069235, 139
1619608051.082444, 138
1619608051.096810, 139
1619608051.111040, 139
1619608051.125639, 137
1619608051.139535, 138
1619608051.154703, 139
1619608051.168624, 138
1619608051.181922, 138
1619608051.195708, 138
1619608051.209676, 138
1619608051.224317, 139
1619608051.237531, 138
1619608051.252586, 139
1619608051.266636, 138
1619608051.282016, 139
1619608051.295878, 139
1619608051.310615, 137
1619608051.324128, 138
1619608051.338398, 138
1619608051.352733, 138
1619608051.366019, 137
1619608051.379358, 137
1619608051.393567, 138
1619608051.407299, 138
1619608051.421763, 139
1619608051.435067, 139
1619608051.448904, 140
1619608051.463224, 140
1619608051.476994, 139
1619608051.490762, 138
1619608051.505579, 138
1619608051.520417, 139
1619608051.534715, 140
1619608051.548971, 139
1619608051.562774, 140
1619608051.576398, 140
1619608051.590717, 140
1619608051.605529, 139
1619608051.620341, 139
1619608051.633855, 140
1619608051.647122, 139
1619608051.660855, 138
1619608051.674654, 139
1619608051.689457, 139
1619608051.703830, 139
1619608051.717539, 139
1619608051.730792, 140
1619608051.745053, 139
1619608051.758858, 140
1619608051.773166, 139
1619608051.787429, 140
1619608051.801204, 139
1619608051.814996, 140
1619608051.828733, 139
1619608051.843025, 139
1619608051.857345, 139
1619608051.871123, 141
1619608051.885393, 139
1619608051.899520, 140
1619608051.913472, 139
1619608051.927997, 139
1619608051.942774, 139
1619608051.957070, 139
1619608051.970835, 139
1619608051.984614, 139
1619608051.998953, 140
1619608052.012643, 140
1619608052.027046, 141
1619608052.041319, 140
1619608052.055102, 140
1619608052.069138, 140
1619608052.082932, 140
1619608052.097059, 140
1619608052.111411, 140
1619608052.125155, 140
1619608052.138934, 140
1619608052.152710, 141
1619608052.166985, 141
1619608052.180767, 140
1619608052.194540, 141
1619608052.208814, 140
1619608052.222627, 139
1619608052.237461, 140
1619608052.251717, 139
1619608052.265510, 140
1619608052.279778, 139
1619608052.294072, 139
1619608052.307822, 139
1619608052.320957, 141
1619608052.333936, 140
1619608052.347406, 140
1619608052.360502, 141
1619608052.374764, 141
1619608052.388557, 140
1619608052.402315, 140
1619608052.415631, 140
1619608052.429863, 140
1619608052.444683, 141
1619608052.458475, 141
1619608052.472805, 141
1619608052.487649, 141
1619608052.501408, 141
1619608052.516274, 141
1619608052.531153, 141
1619608052.544844, 140
1619608052.558651, 140
1619608052.573466, 140
1619608052.588010, 141
1619608052.601003, 141
1619608052.615281, 140
1619608052.629100, 140
1619608052.643466, 141
1619608052.657131, 139
1619608052.670933, 140
1619608052.685228, 140
1619608052.698970, 140
1619608052.712229, 140
1619608052.725473, 141
1619608052.740297, 140
1619608052.753544, 140
1619608052.767826, 139
1619608052.781587, 140
1619608052.796391, 142
1619608052.810156, 141
1619608052.823424, 141
1619608052.836652, 140
1619608052.849938, 141
1619608052.863707, 142
1619608052.876905, 142
1619608052.891868, 141
1619608052.905524, 141
1619608052.919380, 141
1619608052.933603, 142
1619608052.946883, 141
1619608052.960627, 141
1619608052.974399, 141
1619608052.988706, 141
1619608053.003010, 142
1619608053.016562, 141
1619608053.030514, 140
1619608053.043631, 141
1619608053.056313, 141
1619608053.069569, 142
1619608053.082924, 141
1619608053.096336, 142
1619608053.110042, 140
1619608053.123865, 140
1619608053.137246, 141
1619608053.151159, 140
1619608053.165344, 141
1619608053.178825, 141
1619608053.192588, 141
1619608053.206959, 141
1619608053.221217, 141
1619608053.234931, 142
1619608053.249265, 142
1619608053.263000, 141
1619608053.276222, 141
1619608053.289829, 142
1619608053.303548, 141
1619608053.316788, 142
1619608053.330524, 141
1619608053.343820, 143
1619608053.357838, 142
1619608053.371502, 141
1619608053.385764, 142
1619608053.399630, 142
1619608053.413328, 142
1619608053.427686, 141
1619608053.440850, 142
1619608053.454495, 142
1619608053.467763, 142
1619608053.481107, 141
1619608053.494180, 142
1619608053.506938, 143
1619608053.521306, 142
1619608053.535696, 143
1619608053.548604, 142
1619608053.561880, 142
1619608053.575822, 141
1619608053.589067, 141
1619608053.603529, 141
1619608053.617177, 141
1619608053.631395, 141
1619608053.645014, 141
1619608053.658999, 141
1619608053.673298, 142
1619608053.687104, 142
1619608053.699994, 142
1619608053.714365, 142
1619608053.727730, 142
1619608053.741786, 141
1619608053.755572, 143
1619608053.768963, 142
1619608053.782168, 142
1619608053.795190, 142
1619608053.808270, 143
1619608053.821354, 142
1619608053.835067, 142
1619608053.848758, 143
1619608053.862383, 143
1619608053.876023, 142
1619608053.890018, 142
1619608053.904346, 142
1619608053.917594, 142
1619608053.931504, 143
1619608053.946403, 143
1619608053.959925, 142
1619608053.973791, 144
1619608053.987636, 144
1619608054.001629, 143
1619608054.015446, 141
1619608054.028721, 142
1619608054.042987, 143
1619608054.056435, 142
1619608054.069221, 141
1619608054.082590, 142
1619608054.096595, 141
1619608054.109545, 142
1619608054.123360, 142
1619608054.136150, 143
1619608054.150400, 143
1619608054.164015, 143
1619608054.177836, 143
1619608054.190899, 145
1619608054.204610, 144
1619608054.218888, 145
1619608054.232749, 144
1619608054.247053, 144
1619608054.260833, 144
1619608054.275609, 144
1619608054.288949, 144
1619608054.303206, 144
1619608054.317257, 144
1619608054.331000, 145
1619608054.344528, 144
1619608054.358298, 145
1619608054.371606, 144
1619608054.385355, 145
1619608054.399257, 144
1619608054.412495, 145
1619608054.426246, 145
1619608054.440227, 144
1619608054.453482, 144
1619608054.466738, 144
1619608054.480699, 143
1619608054.494023, 144
1619608054.508845, 144
1619608054.522006, 143
1619608054.535210, 143
1619608054.548765, 143
1619608054.562230, 143
1619608054.576045, 144
1619608054.589364, 145
1619608054.603188, 144
1619608054.616831, 143
1619608054.631019, 143
1619608054.646038, 144
1619608054.659851, 144
1619608054.674074, 144
1619608054.688499, 144
1619608054.702291, 144
1619608054.716195, 144
1619608054.731013, 144
1619608054.745511, 144
1619608054.759438, 144
1619608054.773370, 144
1619608054.787593, 143
1619608054.801468, 143
1619608054.815958, 145
1619608054.830029, 144
1619608054.843716, 143
1619608054.857789, 145
1619608054.871857, 143
1619608054.884980, 143
1619608054.898890, 144
1619608054.912097, 144
1619608054.925175, 144
1619608054.939142, 144
1619608054.952875, 144
1619608054.966704, 143
1619608054.980546, 143
1619608054.995088, 143
1619608055.008951, 144
1619608055.022840, 143
1619608055.037185, 143
1619608055.051738, 145
1619608055.064928, 144
1619608055.078250, 144
1619608055.092763, 144
1619608055.106548, 144
1619608055.121248, 144
1619608055.135769, 144
1619608055.149140, 143
1619608055.162881, 145
1619608055.176615, 145
1619608055.190253, 145
1619608055.204305, 144
1619608055.218730, 145
1619608055.234252, 145
1619608055.248213, 144
1619608055.262159, 144
1619608055.277109, 145
1619608055.291385, 146
1619608055.305195, 145
1619608055.318699, 145
1619608055.333340, 145
1619608055.347703, 144
1619608055.361806, 145
1619608055.375588, 145
1619608055.389164, 144
1619608055.404491, 145
1619608055.418602, 144
1619608055.432962, 143
1619608055.446252, 144
1619608055.459962, 145
1619608055.474433, 144
1619608055.488284, 144
1619608055.502595, 143
1619608055.516349, 144
1619608055.530150, 145
1619608055.544692, 145
1619608055.558485, 145
1619608055.571972, 145
1619608055.586459, 145
1619608055.600432, 144
1619608055.613722, 146
1619608055.627578, 145
1619608055.641311, 146
1619608055.655772, 146
1619608055.670241, 146
1619608055.683724, 145
1619608055.696689, 146
1619608055.709761, 146
1619608055.722463, 145
1619608055.737096, 145
1619608055.750573, 146
1619608055.764273, 146
1619608055.778569, 145
1619608055.792200, 146
1619608055.806409, 146
1619608055.821157, 145
1619608055.834913, 145
1619608055.848905, 144
1619608055.863173, 144
1619608055.877670, 145
1619608055.891177, 144
1619608055.905987, 144
1619608055.921115, 145
1619608055.935510, 145
1619608055.949729, 145
1619608055.964110, 145
1619608055.977558, 147
1619608055.992091, 146
1619608056.005104, 147
1619608056.018993, 146
1619608056.032731, 145
1619608056.045747, 145
1619608056.059875, 147
1619608056.072902, 146
1619608056.087215, 145
1619608056.100598, 146
1619608056.113497, 146
1619608056.126887, 146
1619608056.141170, 145
1619608056.153925, 145
1619608056.167720, 146
1619608056.180955, 145
1619608056.194720, 145
1619608056.208932, 146
1619608056.222543, 147
1619608056.236174, 146
1619608056.250109, 145
1619608056.264282, 146
1619608056.277697, 145
1619608056.291669, 145
1619608056.306161, 145
1619608056.320788, 145
1619608056.334975, 146
1619608056.348937, 145
1619608056.362494, 145
1619608056.376680, 146
1619608056.390683, 145
1619608056.404811, 145
1619608056.418783, 146
1619608056.433314, 146
1619608056.448865, 147
1619608056.461599, 146
1619608056.475784, 147
1619608056.488926, 146
1619608056.502964, 147
1619608056.517199, 146
1619608056.530612, 147
1619608056.544392, 146
1619608056.557881, 146
1619608056.572235, 146
1619608056.586594, 146
1619608056.601291, 147
1619608056.615445, 146
1619608056.629692, 145
1619608056.644578, 146
1619608056.659947, 146
1619608056.673971, 146
1619608056.688722, 146
1619608056.702437, 146
1619608056.716105, 148
1619608056.729943, 147
1619608056.743110, 147
1619608056.757380, 146
1619608056.770708, 147
1619608056.783484, 146
1619608056.796443, 146
1619608056.809784, 145
1619608056.823267, 147
1619608056.836818, 147
1619608056.850289, 146
1619608056.864316, 146
1619608056.878031, 146
1619608056.891830, 146
1619608056.905878, 146
1619608056.919182, 146
1619608056.932984, 147
1619608056.946739, 147
1619608056.960779, 146
1619608056.974153, 146
1619608056.987667, 147
1619608057.001207, 147
1619608057.014526, 147
1619608057.027521, 146
1619608057.040439, 147
1619608057.053302, 147
1619608057.066839, 146
1619608057.081163, 147
1619608057.094950, 148
1619608057.108448, 148
1619608057.122742, 148
1619608057.136142, 147
1619608057.149390, 148
1619608057.162666, 148
1619608057.176810, 148
1619608057.191042, 147
1619608057.204764, 147
1619608057.219056, 147
1619608057.231889, 148
1619608057.244748, 147
1619608057.257457, 147
1619608057.270785, 145
1619608057.284327, 146
1619608057.298581, 146
1619608057.312026, 146
1619608057.326294, 146
1619608057.340053, 145
1619608057.354088, 145
1619608057.368345, 147
1619608057.381718, 146
1619608057.396133, 147
1619608057.410432, 146
1619608057.425071, 148
1619608057.439658, 148
1619608057.453662, 146
1619608057.467093, 148
1619608057.480428, 148
1619608057.494799, 147
1619608057.508134, 147
1619608057.521490, 148
1619608057.534652, 147
1619608057.547845, 147
1619608057.560794, 148
1619608057.575156, 148
1619608057.589530, 148
1619608057.603808, 148
1619608057.618176, 147
1619608057.633421, 148
1619608057.648083, 148
1619608057.662106, 148
1619608057.675890, 147
1619608057.689958, 149
1619608057.704285, 148
1619608057.717935, 147
1619608057.732283, 146
1619608057.746466, 146
1619608057.760842, 146
1619608057.774264, 147
1619608057.788567, 148
1619608057.802927, 147
1619608057.816350, 146
1619608057.830619, 147
1619608057.844953, 148
1619608057.859295, 148
1619608057.873581, 147
1619608057.887035, 149
1619608057.900415, 148
1619608057.913695, 148
1619608057.928288, 148
1619608057.943479, 149
1619608057.957906, 148
1619608057.972464, 150
1619608057.986438, 148
1619608057.999973, 148
1619608058.014303, 148
1619608058.028468, 148
1619608058.042816, 147
1619608058.056148, 149
1619608058.070517, 148
1619608058.084891, 148
1619608058.098775, 147
1619608058.111662, 148
1619608058.125284, 148
1619608058.138684, 149
1619608058.152168, 148
1619608058.167385, 149
1619608058.181718, 148
1619608058.196337, 148
1619608058.210765, 148
1619608058.225069, 149
1619608058.238646, 148
1619608058.252582, 148
1619608058.267356, 147
1619608058.281005, 149
1619608058.295773, 148
1619608058.309923, 148
1619608058.323646, 149
1619608058.336851, 148
1619608058.350230, 149
1619608058.363815, 149
1619608058.377266, 150
1619608058.390459, 150
1619608058.404930, 149
1619608058.418207, 149
1619608058.430955, 149
1619608058.444089, 150
1619608058.456825, 149
1619608058.470147, 149
1619608058.483723, 148
1619608058.497556, 147
1619608058.510912, 148
1619608058.524300, 149
1619608058.538171, 149
1619608058.552550, 150
1619608058.566433, 150
1619608058.580800, 149
1619608058.595074, 150
1619608058.608703, 150
1619608058.622705, 149
1619608058.636554, 149
1619608058.649796, 148
1619608058.663881, 149
1619608058.676707, 149
1619608058.690159, 148
1619608058.702821, 147
1619608058.716221, 147
1619608058.729202, 149
1619608058.742732, 148
1619608058.756071, 149
1619608058.769465, 150
1619608058.784324, 149
1619608058.797541, 149
1619608058.811688, 149
1619608058.825245, 150
1619608058.839679, 150
1619608058.853644, 150
1619608058.866954, 149
1619608058.880897, 149
1619608058.894350, 150
1619608058.908631, 150
1619608058.922312, 150
1619608058.936326, 151
1619608058.950825, 151
1619608058.964761, 150
1619608058.978635, 151
1619608058.991978, 150
1619608059.005550, 150
1619608059.019670, 150
1619608059.033811, 150
1619608059.047570, 151
1619608059.061942, 150
1619608059.075145, 150
1619608059.089128, 149
1619608059.102078, 151
1619608059.115435, 150
1619608059.129715, 149
1619608059.143584, 149
1619608059.156326, 150
1619608059.170027, 149
1619608059.182625, 149
1619608059.196278, 148
1619608059.209848, 150
1619608059.223886, 149
1619608059.237710, 149
1619608059.251020, 151
1619608059.265391, 151
1619608059.279472, 150
1619608059.293397, 150
1619608059.307254, 150
1619608059.320679, 151
1619608059.334545, 151
1619608059.348355, 149
1619608059.361723, 150
1619608059.374822, 151
1619608059.388505, 151
1619608059.401537, 152
1619608059.414371, 150
1619608059.429680, 151
1619608059.443154, 151
1619608059.456912, 150
1619608059.471985, 151
1619608059.485278, 151
1619608059.499926, 151
1619608059.513148, 151
1619608059.527648, 150
1619608059.541456, 151
1619608059.554965, 152
1619608059.569078, 152
1619608059.582692, 150
1619608059.596870, 149
1619608059.610815, 150
1619608059.625744, 150
1619608059.639879, 151
1619608059.654090, 151
1619608059.668630, 150
1619608059.682587, 150
1619608059.696630, 151
1619608059.710722, 151
1619608059.724677, 151
1619608059.738264, 150
1619608059.752651, 151
1619608059.766175, 150
1619608059.780046, 151
1619608059.794282, 151
1619608059.808882, 150
1619608059.822868, 151
1619608059.837699, 151
1619608059.851063, 151
1619608059.864875, 151
1619608059.878516, 151
1619608059.892276, 152
1619608059.906792, 151
1619608059.922033, 150
1619608059.935316, 151
1619608059.949108, 151
1619608059.962652, 152
1619608059.976228, 151
1619608059.989474, 152
1619608060.003198, 151
1619608060.017827, 151
1619608060.032199, 151
1619608060.046268, 151
1619608060.059750, 151
1619608060.072779, 150
1619608060.086691, 151
1619608060.100333, 150
1619608060.115639, 150
1619608060.129664, 151
1619608060.143472, 150
1619608060.156842, 150
1619608060.171124, 151
1619608060.185237, 151
1619608060.199553, 151
1619608060.213649, 151
1619608060.227604, 152
1619608060.241546, 152
1619608060.256359, 151
1619608060.269191, 152
1619608060.283092, 151
1619608060.297470, 151
1619608060.311514, 151
1619608060.325492, 152
1619608060.338953, 152
1619608060.352788, 151
1619608060.366433, 151
1619608060.380038, 152
1619608060.394426, 152
1619608060.407636, 152
1619608060.420610, 152
1619608060.433919, 152
1619608060.447136, 151
1619608060.461373, 152
1619608060.475370, 152
1619608060.489656, 151
1619608060.503047, 152
1619608060.516666, 152
1619608060.530329, 152
1619608060.543779, 152
1619608060.558449, 151
1619608060.572510, 151
1619608060.587057, 151
1619608060.601249, 151
1619608060.614819, 151
1619608060.628567, 152
1619608060.642424, 151
1619608060.656015, 151
1619608060.670182, 151
1619608060.683829, 152
1619608060.698037, 153
1619608060.712015, 153
1619608060.725358, 151
1619608060.738574, 152
1619608060.752150, 154
1619608060.765366, 153
1619608060.779619, 153
1619608060.793615, 152
1619608060.807586, 153
1619608060.821669, 153
1619608060.835027, 152
1619608060.848711, 152
1619608060.862262, 152
1619608060.875981, 152
1619608060.889471, 152
1619608060.904396, 153
1619608060.918003, 154
1619608060.931849, 153
1619608060.945038, 153
1619608060.960440, 152
1619608060.973573, 153
1619608060.987571, 152
1619608061.001730, 152
1619608061.015838, 152
1619608061.030142, 151
1619608061.044327, 152
1619608061.057921, 152
1619608061.071634, 152
1619608061.085768, 151
1619608061.100416, 151
1619608061.114306, 151
1619608061.128707, 151
1619608061.142696, 152
1619608061.155870, 153
1619608061.170357, 153
1619608061.183725, 153
1619608061.198843, 152
1619608061.212107, 153
1619608061.225270, 154
1619608061.239466, 153
1619608061.253316, 153
1619608061.267209, 152
1619608061.280854, 153
1619608061.295041, 152
1619608061.308891, 153
1619608061.322209, 152
1619608061.334998, 154
1619608061.348252, 153
1619608061.361309, 153
1619608061.374181, 153
1619608061.388462, 153
1619608061.403322, 153
1619608061.416034, 152
1619608061.429735, 153
1619608061.443386, 153
1619608061.457125, 153
1619608061.470773, 153
1619608061.485486, 152
1619608061.499359, 153
1619608061.513430, 153
1619608061.527690, 152
1619608061.540664, 153
1619608061.555120, 153
1619608061.568713, 152
1619608061.581917, 152
1619608061.596215, 152
1619608061.610209, 153
1619608061.624025, 152
1619608061.637272, 154
1619608061.650704, 154
1619608061.664222, 154
1619608061.677298, 154
1619608061.691860, 153
1619608061.705599, 154
1619608061.718420, 154
1619608061.732648, 153
1619608061.746238, 154
1619608061.760725, 154
1619608061.775192, 153
1619608061.789113, 153
1619608061.803817, 154
1619608061.817507, 153
1619608061.831783, 153
1619608061.845013, 154
1619608061.858986, 154
1619608061.874327, 154
1619608061.888188, 155
1619608061.901649, 154
1619608061.914966, 154
1619608061.928568, 154
1619608061.941989, 155
1619608061.955634, 155
1619608061.969863, 154
1619608061.984722, 155
1619608061.998548, 153
1619608062.012522, 153
1619608062.025989, 153
1619608062.039400, 153
1619608062.052748, 153
1619608062.065799, 154
1619608062.078984, 153
1619608062.093185, 154
1619608062.106584, 154
1619608062.120953, 154
1619608062.134451, 154
1619608062.148435, 154
1619608062.162037, 154
1619608062.175376, 154
1619608062.189235, 154
1619608062.204028, 155
1619608062.217718, 154
1619608062.231002, 154
1619608062.244608, 153
1619608062.258406, 154
1619608062.272513, 155
1619608062.285501, 155
1619608062.299410, 154
1619608062.313181, 155
1619608062.327072, 154
1619608062.340847, 154
1619608062.355151, 153
1619608062.368958, 155
1619608062.382828, 156
1619608062.396929, 155
1619608062.410752, 155
1619608062.423859, 155
1619608062.437642, 154
1619608062.451993, 154
1619608062.464914, 153
1619608062.478340, 154
1619608062.492526, 154
1619608062.506217, 153
1619608062.520540, 153
1619608062.534412, 155
1619608062.548557, 155
1619608062.562288, 153
1619608062.576624, 153
1619608062.589683, 153
1619608062.603525, 154
1619608062.616707, 154
1619608062.629649, 154
1619608062.643697, 156
1619608062.657620, 156
1619608062.671141, 155
1619608062.685233, 155
1619608062.698891, 156
1619608062.712784, 156
1619608062.726725, 155
1619608062.740921, 155
1619608062.755291, 155
1619608062.768486, 155
1619608062.782695, 156
1619608062.797457, 155
1619608062.812037, 155
1619608062.826520, 155
1619608062.840777, 156
1619608062.854080, 156
1619608062.867882, 156
1619608062.881743, 155
1619608062.896051, 155
1619608062.909059, 154
1619608062.922914, 155
1619608062.936256, 156
1619608062.950224, 155
1619608062.963095, 155
1619608062.975862, 155
1619608062.989220, 154
1619608063.002588, 154
1619608063.016233, 154
1619608063.030412, 154
1619608063.044716, 155
1619608063.057964, 154
1619608063.070692, 154
1619608063.084358, 156
1619608063.098018, 156
1619608063.111453, 155
1619608063.124637, 155
1619608063.137546, 156
1619608063.150925, 155
1619608063.164493, 156
1619608063.177650, 155
1619608063.190492, 156
1619608063.204340, 156
1619608063.218301, 155
1619608063.231933, 155
1619608063.245233, 156
1619608063.258893, 157
1619608063.273421, 156
1619608063.287870, 155
1619608063.301747, 155
1619608063.316068, 155
1619608063.329919, 156
1619608063.344047, 155
1619608063.357835, 155
1619608063.371913, 157
1619608063.385804, 156
1619608063.399698, 157
1619608063.413329, 156
1619608063.426258, 156
1619608063.440089, 156
1619608063.453454, 155
1619608063.466460, 155
1619608063.479641, 154
1619608063.493480, 155
1619608063.506641, 155
1619608063.520303, 155
1619608063.533728, 156
1619608063.548398, 155
1619608063.561690, 156
1619608063.575560, 156
1619608063.589579, 157
1619608063.602804, 157
1619608063.616729, 157
1619608063.631143, 156
1619608063.646084, 155
1619608063.659864, 157
1619608063.673317, 157
1619608063.687148, 157
1619608063.700508, 156
1619608063.713394, 156
1619608063.726879, 157
1619608063.740832, 156
1619608063.753897, 156
1619608063.767526, 155
1619608063.780710, 156
1619608063.793756, 156
1619608063.807046, 157
1619608063.820945, 158
1619608063.834927, 157
1619608063.849343, 157
1619608063.863928, 157
1619608063.878214, 157
1619608063.893227, 157
1619608063.907320, 158
1619608063.920595, 158
1619608063.933925, 156
1619608063.946741, 157
1619608063.960178, 157
1619608063.973193, 156
1619608063.986195, 156
1619608064.000769, 156
1619608064.013745, 157
1619608064.026886, 157
1619608064.040620, 156
1619608064.054381, 156
1619608064.068582, 156
1619608064.082589, 157
1619608064.096039, 157
1619608064.109541, 157
1619608064.124223, 157
1619608064.137615, 158
1619608064.151430, 157
1619608064.165564, 158
1619608064.178803, 158
1619608064.192869, 157
1619608064.206357, 157
1619608064.220558, 157
1619608064.234287, 157
1619608064.248060, 157
1619608064.262693, 156
1619608064.276784, 156
1619608064.290407, 157
1619608064.304773, 158
1619608064.320077, 157
1619608064.334133, 157
1619608064.348320, 157
1619608064.362039, 156
1619608064.376251, 157
1619608064.390494, 157
1619608064.404882, 157
1619608064.418229, 157
1619608064.431891, 157
1619608064.446625, 157
1619608064.461887, 157
1619608064.475725, 157
1619608064.488747, 156
1619608064.502802, 155
1619608064.517669, 156
1619608064.530983, 157
1619608064.545034, 157
1619608064.558300, 158
1619608064.571892, 157
1619608064.586070, 158
1619608064.600461, 158
1619608064.614102, 157
1619608064.627388, 158
1619608064.640934, 157
1619608064.655151, 158
1619608064.668938, 157
1619608064.682384, 158
1619608064.696506, 158
1619608064.711093, 157
1619608064.725344, 157
1619608064.738940, 157
1619608064.752733, 158
1619608064.765879, 157
1619608064.778894, 157
1619608064.791932, 157
1619608064.804802, 157
1619608064.819146, 158
1619608064.833389, 159
1619608064.847029, 157
1619608064.861554, 158
1619608064.875009, 158
1619608064.888834, 158
1619608064.903071, 158
1619608064.916680, 157
1619608064.930619, 157
1619608064.944275, 157
1619608064.957659, 157
1619608064.971668, 156
1619608064.985440, 157
1619608065.000179, 158
1619608065.013798, 157
1619608065.027583, 159
1619608065.040395, 158
1619608065.054136, 159
1619608065.067284, 158
1619608065.081063, 159
1619608065.095767, 159
1619608065.109696, 159
1619608065.123994, 158
1619608065.137290, 158
1619608065.151233, 159
1619608065.165284, 159
1619608065.179163, 158
1619608065.193132, 158
1619608065.207213, 157
1619608065.221241, 159
1619608065.235287, 159
1619608065.249379, 158
1619608065.263107, 158
1619608065.276790, 159
1619608065.290088, 159
1619608065.303822, 159
1619608065.317718, 158
1619608065.331838, 159
1619608065.344965, 159
1619608065.357993, 158
1619608065.372073, 159
1619608065.384813, 159
1619608065.399294, 159
1619608065.413129, 158
1619608065.426725, 157
1619608065.440897, 157
1619608065.455141, 158
1619608065.468958, 157
1619608065.483219, 158
1619608065.496781, 157
1619608065.510274, 158
1619608065.524284, 158
1619608065.537079, 159
1619608065.550611, 159
1619608065.563501, 159
1619608065.576849, 158
1619608065.589580, 158
1619608065.604062, 158
1619608065.617996, 158
1619608065.631913, 159
1619608065.646077, 159
1619608065.660616, 158
1619608065.675355, 158
1619608065.689492, 160
1619608065.703214, 160
1619608065.716889, 159
1619608065.730664, 159
1619608065.744570, 159
1619608065.758925, 159
1619608065.772562, 159
1619608065.786379, 159
1619608065.800281, 160
1619608065.814380, 160
1619608065.827791, 159
1619608065.841507, 160
1619608065.855939, 159
1619608065.869612, 159
1619608065.883773, 159
1619608065.898323, 159
1619608065.912822, 158
1619608065.926471, 158
1619608065.940599, 158
1619608065.955096, 158
1619608065.969685, 158
1619608065.982966, 159
1619608065.997131, 158
1619608066.010630, 158
1619608066.023769, 160
1619608066.037217, 160
1619608066.050970, 159
1619608066.064743, 159
1619608066.078757, 159
1619608066.093126, 160
1619608066.107097, 159
1619608066.120186, 159
1619608066.133024, 160
1619608066.146392, 159
1619608066.159832, 159
1619608066.173400, 160
1619608066.188028, 159
1619608066.201725, 159
1619608066.215095, 159
1619608066.228706, 160
1619608066.243156, 160
1619608066.257353, 160
1619608066.271347, 160
1619608066.284892, 159
1619608066.298334, 160
1619608066.312611, 160
1619608066.326063, 161
1619608066.339996, 159
1619608066.353325, 160
1619608066.367152, 161
1619608066.381226, 160
1619608066.394963, 159
1619608066.408505, 158
1619608066.421983, 159
1619608066.435697, 159
1619608066.449591, 159
1619608066.463020, 158
1619608066.476054, 159
1619608066.489482, 159
1619608066.503097, 159
1619608066.516511, 161
1619608066.529517, 160
1619608066.543673, 160
1619608066.556742, 160
1619608066.571605, 160
1619608066.584712, 161
1619608066.598399, 161
1619608066.612458, 161
1619608066.626635, 160
1619608066.640241, 160
1619608066.653620, 160
1619608066.667684, 161
1619608066.681155, 160
1619608066.694261, 160
1619608066.707436, 161
1619608066.720693, 161
1619608066.733252, 160
1619608066.747156, 160
1619608066.760701, 160
1619608066.774847, 160
1619608066.788458, 161
1619608066.802190, 160
1619608066.816216, 160
1619608066.829917, 161
1619608066.844305, 160
1619608066.857977, 161
1619608066.871772, 160
1619608066.885286, 161
1619608066.899178, 160
1619608066.913801, 159
1619608066.927015, 160
1619608066.940309, 159
1619608066.954504, 160
1619608066.968636, 159
1619608066.981875, 160
1619608066.995581, 160
1619608067.009198, 160
1619608067.022520, 160
1619608067.036401, 161
1619608067.050303, 160
1619608067.063563, 160
1619608067.077234, 161
1619608067.091419, 161
1619608067.105099, 160
1619608067.119427, 161
1619608067.132565, 162
1619608067.145153, 161
1619608067.158359, 161
1619608067.171869, 160
1619608067.185247, 160
1619608067.199145, 161
1619608067.212577, 161
1619608067.226649, 161
1619608067.239854, 162
1619608067.254495, 161
1619608067.268508, 161
1619608067.283336, 160
1619608067.297421, 161
1619608067.311126, 161
1619608067.325136, 161
1619608067.339830, 161
1619608067.353724, 162
1619608067.366620, 162
1619608067.380545, 161
1619608067.394318, 161
1619608067.408690, 160
1619608067.421835, 160
1619608067.435112, 161
1619608067.448452, 160
1619608067.462790, 160
1619608067.477040, 159
1619608067.489655, 161
1619608067.503058, 161
1619608067.516458, 161
1619608067.530484, 163
1619608067.544331, 163
1619608067.558676, 163
1619608067.572794, 162
1619608067.586325, 162
1619608067.599901, 163
1619608067.613176, 162
1619608067.627379, 163
1619608067.640698, 162
1619608067.654449, 163
1619608067.667765, 162
1619608067.681311, 162
1619608067.694927, 163
1619608067.708405, 164
1619608067.722237, 164
1619608067.736393, 163
1619608067.750152, 163
1619608067.764617, 162
1619608067.779528, 162
1619608067.793949, 163
1619608067.808297, 162
1619608067.822186, 163
1619608067.835945, 163
1619608067.849952, 163
1619608067.863715, 163
1619608067.877758, 161
1619608067.891362, 161
1619608067.905183, 162
1619608067.918649, 161
1619608067.932494, 160
1619608067.945633, 160
1619608067.959715, 161
1619608067.973789, 161
1619608067.988962, 160
1619608068.002727, 160
1619608068.017048, 162
1619608068.031107, 162
1619608068.044619, 161
1619608068.058535, 161
1619608068.072022, 161
1619608068.085736, 162
1619608068.100137, 162
1619608068.113300, 162
1619608068.127870, 163
1619608068.143004, 162
1619608068.156315, 163
1619608068.170303, 163
1619608068.184052, 162
1619608068.198462, 163
1619608068.212016, 162
1619608068.225527, 163
1619608068.239799, 162
1619608068.254669, 162
1619608068.268720, 162
1619608068.282317, 161
1619608068.295612, 162
1619608068.308889, 163
1619608068.321777, 163
1619608068.335655, 162
1619608068.349154, 162
1619608068.363161, 162
1619608068.376820, 162
1619608068.391978, 161
1619608068.406147, 160
1619608068.419769, 161
1619608068.433399, 162
1619608068.447150, 162
1619608068.461240, 162
1619608068.475494, 161
1619608068.489477, 161
1619608068.503781, 161
1619608068.516825, 163
1619608068.530311, 163
1619608068.543626, 163
1619608068.557224, 163
1619608068.570288, 163
1619608068.584029, 162
1619608068.597747, 163
1619608068.611114, 163
1619608068.625665, 162
1619608068.640978, 163
1619608068.654173, 163
1619608068.667623, 163
1619608068.681234, 162
1619608068.694229, 163
1619608068.708561, 163
1619608068.722703, 163
1619608068.736630, 163
1619608068.750737, 163
1619608068.764696, 163
1619608068.778550, 163
1619608068.791887, 164
1619608068.805073, 163
1619608068.818022, 164
1619608068.831229, 163
1619608068.844784, 163
1619608068.859039, 162
1619608068.873026, 162
1619608068.887097, 163
1619608068.900817, 162
1619608068.914939, 163
1619608068.929467, 162
1619608068.943687, 162
1619608068.957683, 163
1619608068.971239, 163
1619608068.985262, 162
1619608068.998946, 162
1619608069.012776, 162
1619608069.025976, 164
1619608069.039785, 163
1619608069.053679, 163
1619608069.067728, 164
1619608069.082114, 164
1619608069.096588, 164
1619608069.110302, 163
1619608069.123506, 164
1619608069.136790, 164
1619608069.151415, 163
1619608069.166636, 163
1619608069.181356, 163
1619608069.195496, 164
1619608069.209605, 164
1619608069.224207, 164
1619608069.238401, 163
1619608069.252469, 164
1619608069.267580, 163
1619608069.282293, 163
1619608069.296479, 164
1619608069.310653, 165
1619608069.324810, 164
1619608069.338901, 164
1619608069.353289, 164
1619608069.367591, 164
1619608069.382494, 164
1619608069.396201, 163
1619608069.410856, 162
1619608069.425067, 163
1619608069.439987, 163
1619608069.453136, 162
1619608069.467217, 163
1619608069.480973, 163
1619608069.494925, 163
1619608069.509134, 163
1619608069.523516, 164
1619608069.537184, 165
1619608069.551863, 164
1619608069.565157, 163
1619608069.579292, 164
1619608069.592620, 164
1619608069.605683, 164
1619608069.619837, 163
1619608069.633136, 164
1619608069.646342, 164
1619608069.660777, 164
1619608069.674567, 163
1619608069.688852, 164
1619608069.702572, 164
1619608069.715938, 165
1619608069.729661, 165
1619608069.744135, 165
1619608069.758146, 164
1619608069.772033, 165
1619608069.786530, 164
1619608069.801263, 165
1619608069.814727, 164
1619608069.828494, 165
1619608069.842287, 164
1619608069.856384, 165
1619608069.870173, 164
1619608069.884082, 165
1619608069.898465, 164
1619608069.912749, 164
1619608069.926133, 163
1619608069.940661, 164
1619608069.954483, 164
1619608069.968431, 164
1619608069.981916, 163
1619608069.996480, 162
1619608070.009753, 163
1619608070.023853, 163
1619608070.037110, 164
1619608070.051347, 164
1619608070.064203, 165
1619608070.077444, 164
1619608070.090744, 165
1619608070.103899, 164
1619608070